0.000000
0.334892
0.535938
0.803929
1.138818
1.406840
1.607573
2.411642
2.746410
3.081544
3.416437
3.684429
4.086357
4.354250
4.622309
5.091248
5.292238
5.627113
5.962099
6.296986
6.700073
7.301746
7.502790
7.770723
8.038739
8.239591
8.373480
8.574586
8.708578
8.842466
8.976476
9.110475
9.311490
9.445396
9.646391
9.847403
10.048145
10.249251
10.383305
10.584178
10.718390
10.986203
11.186997
11.321149
11.522098
11.722974
11.924015
12.125078
12.327320
12.527743
12.727924
12.861762
12.996417
13.196830
13.464600
13.665685
13.874745
14.067633
14.268652
14.469581
14.670445
14.871611
15.072441
15.206568
15.340478
15.610489
15.742209
15.876335
16.010338
16.211274
16.345238
16.546233
16.680260
16.881117
17.082167
17.350041
17.484121
17.685059
17.952831
18.086970
18.287980
18.421973
18.555747
18.756859
19.028794
19.292798
19.429897
19.694585
19.895695
20.029728
20.297590
20.432022
20.766355
21.101626
21.369270
21.704487
21.838308
21.972408
22.106318
22.240321
22.441217
22.642198
22.776232
22.910110
23.043995
23.178096
23.379114
23.512988
23.646878
23.714015
23.848052
23.915026
24.048906
24.182684
24.317217
24.450883
24.651837
24.785832
24.986838
25.120857
25.254723
25.455706
25.522757
25.723739
25.791086
25.924646
26.058953
26.196669
26.393539
26.527949
26.661660
26.728563
26.932020
27.063451
27.197419
27.331390
27.465390
27.599504
27.733391
27.867399
28.001446
28.135124
28.269316
28.470614
28.537207
28.671051
28.805169
28.939205
29.073450
29.207071
29.341092
29.542113
29.676075
29.809855
30.010970
30.144992
30.345856
30.412754
30.613886
30.747892
30.881779
31.015925
31.216838
