0.000000 0.000000 0.000000 0.000000 -0.001835 -0.002503 -0.080640 0.996738
0.040000 0.130641 0.008475 -0.001188 -0.001761 -0.003167 -0.082035 0.996623
0.068000 0.222639 0.014676 -0.001853 -0.001694 -0.003489 -0.082977 0.996544
0.100000 0.328030 0.021884 -0.002538 -0.001601 -0.003692 -0.084020 0.996456
0.128000 0.420966 0.028554 -0.002808 -0.001507 -0.003718 -0.084905 0.996381
0.168000 0.554163 0.038327 -0.002947 -0.001355 -0.003509 -0.086127 0.996277
0.200000 0.661065 0.046340 -0.002861 -0.001220 -0.003146 -0.087070 0.996196
0.228000 0.755044 0.053668 -0.002502 -0.001095 -0.002704 -0.087872 0.996128
0.260000 0.862551 0.062167 -0.002024 -0.000946 -0.002082 -0.088762 0.996050
0.300000 0.997149 0.073048 -0.001287 -0.000753 -0.001181 -0.089836 0.995956
0.328000 1.091410 0.080926 -0.000760 -0.000616 -0.000507 -0.090565 0.995890
0.360000 1.199078 0.090028 -0.000209 -0.000458 0.000269 -0.091376 0.995816
0.400000 1.333538 0.101615 0.000370 -0.000262 0.001191 -0.092356 0.995725
0.428000 1.427387 0.109934 0.000573 -0.000127 0.001772 -0.093022 0.995662
0.468000 1.561205 0.121954 0.000706 0.000062 0.002467 -0.093946 0.995574
0.500000 1.668057 0.131679 0.000687 0.000208 0.002885 -0.094663 0.995505
0.528000 1.761179 0.140363 0.000496 0.000331 0.003141 -0.095274 0.995446
0.568000 1.893973 0.152891 0.000163 0.000495 0.003323 -0.096124 0.995364
0.600000 2.000018 0.163010 -0.000151 0.000616 0.003321 -0.096784 0.995300
0.628000 2.092554 0.172038 -0.000401 0.000713 0.003222 -0.097349 0.995245
0.660000 2.198250 0.182436 -0.000633 0.000813 0.003015 -0.097979 0.995184
0.688000 2.290646 0.191651 -0.000757 0.000893 0.002769 -0.098517 0.995131
0.728000 2.422616 0.205021 -0.000747 0.000992 0.002350 -0.099268 0.995057
0.760000 2.528219 0.215885 -0.000585 0.001063 0.001988 -0.099852 0.995000
0.788000 2.620674 0.225534 -0.000314 0.001121 0.001677 -0.100353 0.994950
0.828000 2.752916 0.239567 0.000256 0.001199 0.001273 -0.101051 0.994880
0.860000 2.858857 0.250993 0.000828 0.001263 0.001008 -0.101597 0.994824
0.888000 2.951688 0.261156 0.001407 0.001322 0.000833 -0.102064 0.994777
0.928000 3.084526 0.275947 0.002291 0.001415 0.000688 -0.102717 0.994709
0.960000 3.190961 0.287987 0.003020 0.001500 0.000668 -0.103228 0.994656
0.988000 3.284217 0.298690 0.003657 0.001582 0.000720 -0.103667 0.994611
1.028000 3.417596 0.314234 0.004536 0.001715 0.000899 -0.104281 0.994546
1.060000 3.524389 0.326857 0.005213 0.001831 0.001120 -0.104761 0.994495
1.088000 3.617889 0.338048 0.005784 0.001939 0.001359 -0.105175 0.994451
1.120000 3.724757 0.350986 0.006428 0.002068 0.001671 -0.105640 0.994401
1.160000 3.858326 0.367352 0.007238 0.002231 0.002096 -0.106209 0.994339
1.188000 3.951784 0.378937 0.007821 0.002344 0.002400 -0.106600 0.994296
1.220000 4.058507 0.392296 0.008530 0.002470 0.002739 -0.107040 0.994248
1.260000 4.191775 0.409149 0.009481 0.002617 0.003128 -0.107580 0.994188
1.288000 4.284944 0.421053 0.010202 0.002711 0.003366 -0.107952 0.994147
1.320000 4.391283 0.434762 0.011079 0.002809 0.003592 -0.108370 0.994100
1.360000 4.524015 0.452039 0.012240 0.002915 0.003797 -0.108884 0.994043
1.388000 4.616784 0.464235 0.013089 0.002980 0.003885 -0.109238 0.994004
1.420000 4.722671 0.478281 0.014072 0.003045 0.003929 -0.109636 0.993959
1.448000 4.815250 0.490628 0.014940 0.003095 0.003919 -0.109981 0.993921
1.488000 4.947282 0.508489 0.016158 0.003157 0.003834 -0.110465 0.993868
1.520000 5.052826 0.522895 0.017107 0.003199 0.003714 -0.110846 0.993825
1.548000 5.145134 0.535562 0.017924 0.003233 0.003578 -0.111176 0.993789
1.580000 5.250559 0.550233 0.018816 0.003269 0.003398 -0.111548 0.993748
1.620000 5.382333 0.568697 0.019918 0.003309 0.003153 -0.112006 0.993697
1.648000 5.474570 0.581709 0.020681 0.003335 0.002979 -0.112323 0.993662
1.680000 5.580022 0.596784 0.021571 0.003364 0.002788 -0.112681 0.993622
1.720000 5.711884 0.615758 0.022722 0.003397 0.002577 -0.113122 0.993572
1.748000 5.804220 0.629130 0.023554 0.003419 0.002454 -0.113427 0.993537
1.788000 5.936244 0.648494 0.024861 0.003447 0.002326 -0.113858 0.993488
1.820000 6.041918 0.664115 0.025974 0.003468 0.002265 -0.114199 0.993449
1.848000 6.134412 0.677851 0.026984 0.003486 0.002245 -0.114494 0.993415
1.880000 6.240187 0.693753 0.028236 0.003505 0.002256 -0.114828 0.993377
1.920000 6.372424 0.713754 0.029845 0.003527 0.002317 -0.115241 0.993329
1.948000 6.465004 0.727842 0.031002 0.003542 0.002384 -0.115527 0.993295
1.980000 6.570794 0.744129 0.032349 0.003559 0.002479 -0.115850 0.993257
2.020000 6.702996 0.764598 0.034021 0.003579 0.002612 -0.116251 0.993210
2.048000 6.795511 0.779003 0.035184 0.003591 0.002706 -0.116528 0.993177
2.080000 6.901143 0.795628 0.036460 0.003603 0.002804 -0.116842 0.993140
2.108000 6.993539 0.810212 0.037560 0.003611 0.002878 -0.117115 0.993108
2.148000 7.125420 0.831180 0.039069 0.003616 0.002952 -0.117501 0.993062
2.180000 7.230783 0.848094 0.040209 0.003613 0.002980 -0.117806 0.993026
2.208000 7.322941 0.862927 0.041195 0.003605 0.002978 -0.118071 0.992994
2.248000 7.454469 0.884236 0.042559 0.003582 0.002931 -0.118445 0.992950
2.280000 7.559566 0.901418 0.043630 0.003554 0.002856 -0.118742 0.992915
2.308000 7.651499 0.916486 0.044567 0.003523 0.002766 -0.118999 0.992884
2.348000 7.782741 0.938134 0.045911 0.003465 0.002603 -0.119364 0.992841
2.380000 7.887662 0.955598 0.047010 0.003411 0.002449 -0.119652 0.992807
2.408000 7.979457 0.970918 0.047978 0.003357 0.002303 -0.119903 0.992777
2.440000 8.084335 0.988536 0.049107 0.003290 0.002126 -0.120187 0.992744
2.480000 8.215416 1.010721 0.050541 0.003201 0.001902 -0.120539 0.992702
2.508000 8.307172 1.026321 0.051550 0.003136 0.001747 -0.120783 0.992672
2.540000 8.412039 1.044268 0.052707 0.003060 0.001578 -0.121060 0.992639
2.580000 8.543142 1.066872 0.054138 0.002964 0.001384 -0.121403 0.992598
2.608000 8.634922 1.082766 0.055128 0.002897 0.001262 -0.121641 0.992569
2.640000 8.739830 1.101049 0.056235 0.002820 0.001139 -0.121911 0.992536
2.680000 8.870984 1.124066 0.057572 0.002724 0.001009 -0.122246 0.992496
2.708000 8.962798 1.140245 0.058486 0.002657 0.000933 -0.122478 0.992467
2.740000 9.067734 1.158846 0.059494 0.002579 0.000861 -0.122741 0.992435
2.768000 9.159550 1.175215 0.060345 0.002509 0.000809 -0.122970 0.992407
2.800000 9.264481 1.193965 0.061304 0.002426 0.000759 -0.123229 0.992375
2.840000 9.395616 1.217581 0.062452 0.002319 0.000707 -0.123550 0.992335
2.868000 9.487386 1.234198 0.063235 0.002240 0.000674 -0.123773 0.992308
2.900000 9.592254 1.253228 0.064121 0.002146 0.000636 -0.124026 0.992276
2.940000 9.723271 1.277185 0.065190 0.002023 0.000584 -0.124338 0.992238
2.968000 9.814940 1.294038 0.065919 0.001933 0.000541 -0.124555 0.992211
3.000000 9.919687 1.313336 0.066742 0.001826 0.000484 -0.124801 0.992180
3.040000 10.050529 1.337624 0.067720 0.001687 0.000397 -0.125106 0.992142
3.068000 10.142072 1.354706 0.068371 0.001587 0.000324 -0.125317 0.992115
3.108000 10.272805 1.379190 0.069265 0.001441 0.000203 -0.125615 0.992078
3.140000 10.377336 1.398881 0.069927 0.001320 0.000092 -0.125851 0.992048
3.168000 10.468763 1.416191 0.070459 0.001212 -0.000015 -0.126057 0.992022
3.200000 10.573235 1.436012 0.071045 0.001087 -0.000147 -0.126289 0.991993
3.240000 10.703767 1.460951 0.071676 0.000926 -0.000323 -0.126576 0.991956
3.268000 10.795120 1.478490 0.072069 0.000812 -0.000451 -0.126775 0.991931
3.300000 10.899514 1.498573 0.072496 0.000678 -0.000600 -0.127001 0.991902
3.340000 11.029984 1.523843 0.072941 0.000508 -0.000786 -0.127280 0.991866
3.368000 11.121311 1.541617 0.073214 0.000388 -0.000914 -0.127473 0.991842
3.400000 11.225682 1.561969 0.073509 0.000248 -0.001054 -0.127692 0.991813
3.428000 11.317009 1.579899 0.073722 0.000125 -0.001170 -0.127881 0.991789
3.468000 11.447481 1.605601 0.073996 -0.000052 -0.001324 -0.128149 0.991754
3.500000 11.551862 1.626234 0.074191 -0.000193 -0.001435 -0.128361 0.991726
3.528000 11.643068 1.644417 0.074340 -0.000316 -0.001523 -0.128544 0.991703
3.568000 11.772284 1.670544 0.074672 -0.000490 -0.001635 -0.128803 0.991669
3.600000 11.874795 1.691567 0.075034 -0.000627 -0.001703 -0.128990 0.991644
3.628000 11.962852 1.710227 0.075475 -0.000735 -0.001644 -0.128923 0.991653
3.668000 12.087590 1.737082 0.076095 -0.000867 -0.001347 -0.128345 0.991728
3.700000 12.186535 1.758724 0.076583 -0.000958 -0.000973 -0.127490 0.991839
3.728000 12.271722 1.777929 0.076867 -0.001031 -0.000581 -0.126469 0.991970
3.760000 12.368510 1.799984 0.077085 -0.001109 -0.000098 -0.125000 0.992156
3.800000 12.488310 1.827774 0.077141 -0.001205 0.000498 -0.122733 0.992439
3.828000 12.570906 1.847452 0.076890 -0.001274 0.000874 -0.120873 0.992667
3.860000 12.664797 1.870029 0.076482 -0.001361 0.001232 -0.118485 0.992954
3.900000 12.781111 1.898433 0.075724 -0.001484 0.001537 -0.115124 0.993349
3.928000 12.861471 1.918508 0.074966 -0.001582 0.001641 -0.112536 0.993645
3.960000 12.952924 1.941532 0.074039 -0.001710 0.001643 -0.109352 0.994000
3.988000 13.032381 1.961797 0.073138 -0.001836 0.001543 -0.106376 0.994323
4.028000 13.145168 1.990945 0.071790 -0.002038 0.001246 -0.101834 0.994799
4.060000 13.234927 2.014422 0.070694 -0.002216 0.000897 -0.097966 0.995187
4.088000 13.313140 2.035097 0.069740 -0.002382 0.000527 -0.094421 0.995529
4.128000 13.424550 2.064859 0.068422 -0.002627 -0.000069 -0.089107 0.996019
4.160000 13.513509 2.088844 0.067406 -0.002825 -0.000575 -0.084658 0.996406
4.188000 13.591264 2.109975 0.066549 -0.002995 -0.001014 -0.080628 0.996739
4.220000 13.680143 2.134284 0.065591 -0.003181 -0.001492 -0.075873 0.997111
4.260000 13.791319 2.164871 0.064408 -0.003392 -0.002019 -0.069718 0.997559
4.288000 13.869248 2.186417 0.063577 -0.003523 -0.002323 -0.065278 0.997858
4.320000 13.958477 2.211146 0.062597 -0.003654 -0.002594 -0.060078 0.998184
4.360000 14.070261 2.242174 0.061322 -0.003789 -0.002804 -0.053399 0.998562
4.388000 14.148708 2.263953 0.060382 -0.003866 -0.002862 -0.048613 0.998806
4.428000 14.261073 2.295082 0.058961 -0.003954 -0.002824 -0.041627 0.999121
4.460000 14.351186 2.319967 0.057768 -0.004012 -0.002698 -0.035919 0.999343
4.488000 14.430211 2.341707 0.056680 -0.004057 -0.002527 -0.030842 0.999513
4.528000 14.543353 2.372641 0.055071 -0.004118 -0.002206 -0.023463 0.999714
4.560000 14.634040 2.397269 0.053750 -0.004170 -0.001901 -0.017460 0.999837
4.588000 14.713520 2.418706 0.052573 -0.004218 -0.001616 -0.012138 0.999916
4.620000 14.804477 2.443045 0.051212 -0.004279 -0.001282 -0.005982 0.999972
4.660000 14.918326 2.473235 0.049490 -0.004364 -0.000880 0.001820 0.999988
4.688000 14.998121 2.494183 0.048269 -0.004427 -0.000622 0.007347 0.999963
4.720000 15.089415 2.517910 0.046850 -0.004501 -0.000362 0.013726 0.999896
4.748000 15.169349 2.538560 0.045595 -0.004563 -0.000174 0.019360 0.999802
4.788000 15.283758 2.567580 0.043725 -0.004644 0.000024 0.027489 0.999611
4.820000 15.375420 2.590525 0.042175 -0.004698 0.000119 0.034055 0.999409
4.848000 15.455695 2.610461 0.040790 -0.004734 0.000157 0.039844 0.999195
4.888000 15.570720 2.638319 0.038686 -0.004765 0.000142 0.048182 0.998827
4.920000 15.662957 2.660251 0.036941 -0.004770 0.000080 0.054906 0.998480
4.948000 15.743779 2.679253 0.035381 -0.004762 -0.000002 0.060826 0.998137
4.988000 15.859774 2.705582 0.033057 -0.004729 -0.000150 0.069340 0.997582
5.020000 15.952881 2.726181 0.031172 -0.004687 -0.000280 0.076197 0.997082
5.048000 16.034514 2.743961 0.029509 -0.004642 -0.000393 0.082228 0.996603
5.080000 16.128368 2.763447 0.027610 -0.004584 -0.000510 0.089154 0.996007
5.120000 16.246063 2.787231 0.025263 -0.004503 -0.000622 0.097859 0.995190
5.148000 16.328712 2.803477 0.023637 -0.004443 -0.000669 0.103983 0.994569
5.180000 16.423788 2.821046 0.021847 -0.004374 -0.000686 0.111009 0.993810
5.220000 16.543019 2.842339 0.019657 -0.004286 -0.000646 0.119833 0.992785
5.248000 16.626750 2.856776 0.018157 -0.004224 -0.000575 0.126034 0.992017
5.280000 16.723032 2.872139 0.016507 -0.004152 -0.000453 0.133144 0.991088
5.320000 16.843724 2.890597 0.014469 -0.004059 -0.000243 0.142065 0.989849
5.348000 16.928447 2.902994 0.013059 -0.003990 -0.000065 0.148330 0.988930
5.380000 17.025759 2.915910 0.011457 -0.003907 0.000162 0.155508 0.987827
5.408000 17.111014 2.926885 0.010050 -0.003830 0.000376 0.161805 0.986815
5.448000 17.233184 2.941399 0.008025 -0.003710 0.000693 0.170823 0.985294
5.480000 17.331283 2.951650 0.006372 -0.003605 0.000944 0.178055 0.984013
5.508000 17.417196 2.960268 0.004918 -0.003507 0.001154 0.184396 0.982845
5.540000 17.515603 2.969109 0.003233 -0.003388 0.001378 0.191654 0.981456
5.580000 17.638876 2.978699 0.001111 -0.003226 0.001623 0.200744 0.979637
5.608000 17.725272 2.984779 -0.000374 -0.003106 0.001766 0.207116 0.978310
5.648000 17.848905 2.992114 -0.002488 -0.002922 0.001929 0.216233 0.976336
5.680000 17.948028 2.996417 -0.004140 -0.002764 0.002021 0.223535 0.974690
5.708000 18.034811 2.999779 -0.005567 -0.002618 0.002077 0.229930 0.973201
5.748000 18.158971 3.003138 -0.007546 -0.002396 0.002120 0.239073 0.970996
5.780000 18.258498 3.004151 -0.009040 -0.002207 0.002128 0.246394 0.969165
5.808000 18.345632 3.004605 -0.010321 -0.002032 0.002120 0.252801 0.967514
5.848000 18.470277 3.003706 -0.012062 -0.001768 0.002095 0.261959 0.965075
5.880000 18.570167 3.001194 -0.013351 -0.001546 0.002069 0.269286 0.963057
5.908000 18.657608 2.998533 -0.014452 -0.001345 0.002046 0.275698 0.961241
5.940000 18.757646 2.994168 -0.015638 -0.001107 0.002026 0.283025 0.959110
5.980000 18.882803 2.986800 -0.017021 -0.000804 0.002013 0.292182 0.956360
6.008000 18.970447 2.980819 -0.017947 -0.000589 0.002016 0.298588 0.954380
6.040000 19.070655 2.972582 -0.018934 -0.000343 0.002031 0.305907 0.952059
6.068000 19.158338 2.964122 -0.019733 -0.000130 0.002057 0.312307 0.949979
6.108000 19.283585 2.950812 -0.020808 0.000169 0.002110 0.321442 0.946927
6.140000 19.383734 2.938536 -0.021577 0.000403 0.002165 0.328743 0.944417
6.168000 19.471283 2.926509 -0.022170 0.000602 0.002221 0.335125 0.942171
6.208000 19.596256 2.908074 -0.022936 0.000877 0.002307 0.344231 0.938882
6.240000 19.696077 2.891668 -0.023436 0.001090 0.002378 0.351504 0.936183
6.268000 19.783254 2.876014 -0.023777 0.001273 0.002438 0.357861 0.933771
6.300000 19.882808 2.857529 -0.024124 0.001479 0.002502 0.365114 0.930958
6.340000 20.006837 2.831816 -0.024358 0.001735 0.002569 0.374164 0.927357
6.368000 20.093410 2.812510 -0.024420 0.001914 0.002604 0.380487 0.924781
6.400000 20.192238 2.789848 -0.024445 0.002121 0.002631 0.387700 0.921779
6.440000 20.315204 2.758896 -0.024275 0.002384 0.002641 0.396696 0.917943
6.468000 20.400958 2.735909 -0.024059 0.002572 0.002631 0.402978 0.915202
6.500000 20.498815 2.709035 -0.023767 0.002790 0.002602 0.410143 0.912013
6.540000 20.620422 2.672784 -0.023209 0.003068 0.002539 0.419075 0.907943
6.568000 20.705156 2.646068 -0.022721 0.003265 0.002478 0.425310 0.905038
6.600000 20.801816 2.614923 -0.022119 0.003490 0.002392 0.432419 0.901663
6.640000 20.921794 2.573290 -0.021165 0.003769 0.002264 0.441277 0.897360
6.668000 21.005558 2.542056 -0.020504 0.003961 0.002162 0.447459 0.894293
6.700000 21.101187 2.505404 -0.019750 0.004175 0.002037 0.454504 0.890733
6.728000 21.184673 2.469759 -0.019150 0.004378 0.001883 0.460587 0.887602
6.768000 21.303701 2.416411 -0.018238 0.004764 0.001465 0.468811 0.883285
6.800000 21.398735 2.371792 -0.017466 0.005138 0.000999 0.475035 0.879951
6.828000 21.481458 2.329482 -0.016575 0.005497 0.000525 0.480243 0.877118
6.860000 21.575778 2.279773 -0.015413 0.005925 -0.000057 0.485942 0.873971
6.900000 21.693217 2.214815 -0.013662 0.006455 -0.000788 0.492711 0.870169
6.928000 21.774830 2.166294 -0.012041 0.006804 -0.001270 0.497232 0.867590
6.968000 21.890936 2.094895 -0.009446 0.007242 -0.001869 0.503405 0.864018
7.000000 21.983432 2.036109 -0.007148 0.007525 -0.002246 0.508116 0.861253
7.028000 22.063593 1.981912 -0.004812 0.007714 -0.002488 0.512085 0.858897
7.068000 22.177483 1.902657 -0.001319 0.007881 -0.002682 0.517521 0.855630
7.100000 22.268095 1.837789 0.001600 0.007923 -0.002708 0.521685 0.853097
7.128000 22.346397 1.778684 0.004258 0.007897 -0.002645 0.525203 0.850936
7.168000 22.457480 1.692745 0.008061 0.007763 -0.002432 0.530035 0.847937
7.200000 22.545724 1.622790 0.011109 0.007584 -0.002180 0.533748 0.845607
7.228000 22.621759 1.559710 0.013728 0.007386 -0.001920 0.536892 0.843617
7.260000 22.708119 1.486918 0.016695 0.007123 -0.001596 0.540370 0.841396
7.288000 22.782900 1.422202 0.019254 0.006871 -0.001308 0.543319 0.839497
7.328000 22.888428 1.328315 0.022872 0.006493 -0.000918 0.547387 0.836854
7.360000 22.971834 1.252173 0.025753 0.006191 -0.000647 0.550525 0.834795
7.388000 23.043985 1.184761 0.028274 0.005937 -0.000452 0.553190 0.833034
7.428000 23.145727 1.087327 0.031906 0.005605 -0.000256 0.556874 0.830578
7.460000 23.226101 1.008547 0.034841 0.005374 -0.000176 0.559723 0.828663
7.488000 23.295607 0.938966 0.037434 0.005200 -0.000165 0.562146 0.827022
7.528000 23.393615 0.838580 0.041163 0.005002 -0.000238 0.565502 0.824732
7.560000 23.471044 0.757522 0.044145 0.004885 -0.000365 0.568102 0.822944
7.588000 23.538013 0.685994 0.046742 0.004809 -0.000519 0.570317 0.821410
7.620000 23.613682 0.603561 0.049658 0.004747 -0.000732 0.572784 0.819693
7.660000 23.707112 0.499585 0.053210 0.004695 -0.001036 0.575774 0.817595
7.688000 23.771688 0.426120 0.055609 0.004667 -0.001260 0.577808 0.816158
7.720000 23.844669 0.341453 0.058237 0.004633 -0.001516 0.580077 0.814547
7.760000 23.934803 0.234662 0.061362 0.004571 -0.001814 0.582831 0.812579
7.788000 23.997114 0.159211 0.063428 0.004507 -0.001999 0.584707 0.811229
7.820000 24.067545 0.072274 0.065671 0.004402 -0.002175 0.586802 0.809715
7.860000 24.154540 -0.037339 0.068324 0.004217 -0.002334 0.589350 0.807864
7.888000 24.214687 -0.114742 0.070079 0.004047 -0.002398 0.591088 0.806594
7.920000 24.282674 -0.203856 0.071995 0.003809 -0.002421 0.593030 0.805168
7.960000 24.366650 -0.316104 0.074272 0.003447 -0.002375 0.595395 0.803422
7.988000 24.424708 -0.395271 0.075782 0.003155 -0.002296 0.597011 0.802224
8.020000 24.490327 -0.486297 0.077417 0.002785 -0.002161 0.598819 0.800877
8.048000 24.547359 -0.566232 0.078798 0.002436 -0.002010 0.600367 0.799718
8.080000 24.611377 -0.658359 0.080193 0.002015 -0.001806 0.602101 0.798415
8.120000 24.690678 -0.773938 0.081790 0.001469 -0.001518 0.604215 0.796818
8.148000 24.745683 -0.855136 0.082806 0.001081 -0.001304 0.605662 0.795720
8.180000 24.807399 -0.948508 0.083676 0.000642 -0.001057 0.607282 0.794485
8.220000 24.883833 -1.065531 0.084550 0.000111 -0.000759 0.609260 0.792970
8.248000 24.936839 -1.147663 0.085014 -0.000244 -0.000565 0.610615 0.791928
8.288000 25.011157 -1.265535 0.085217 -0.000717 -0.000321 0.612508 0.790464
8.320000 25.069923 -1.360078 0.085146 -0.001063 -0.000159 0.613988 0.789314
8.348000 25.120980 -1.442933 0.084961 -0.001340 -0.000044 0.615260 0.788323
8.388000 25.192577 -1.561768 0.084256 -0.001695 0.000077 0.617038 0.786931
8.420000 25.249202 -1.657071 0.083496 -0.001946 0.000139 0.618430 0.785837
8.448000 25.298407 -1.740586 0.082727 -0.002142 0.000171 0.619626 0.784894
8.480000 25.353637 -1.836420 0.081581 -0.002343 0.000188 0.620969 0.783831
8.520000 25.422067 -1.956469 0.080009 -0.002564 0.000187 0.622613 0.782526
8.548000 25.469545 -2.040681 0.078811 -0.002703 0.000179 0.623740 0.781627
8.580000 25.522870 -2.137348 0.077252 -0.002851 0.000171 0.625007 0.780614
8.620000 25.588960 -2.258454 0.075196 -0.003024 0.000170 0.626559 0.779368
8.648000 25.634826 -2.343418 0.073682 -0.003141 0.000182 0.627624 0.778510
8.680000 25.686361 -2.440954 0.071783 -0.003273 0.000213 0.628821 0.777543
8.708000 25.731237 -2.526404 0.070079 -0.003390 0.000256 0.629852 0.776708
8.748000 25.794570 -2.648849 0.067490 -0.003559 0.000348 0.631297 0.775533
8.780000 25.844382 -2.747200 0.065238 -0.003697 0.000446 0.632430 0.774608
8.808000 25.887756 -2.833346 0.063223 -0.003821 0.000549 0.633406 0.773810
8.848000 25.948965 -2.956732 0.060181 -0.003998 0.000718 0.634775 0.772686
8.880000 25.997096 -3.055756 0.057576 -0.004138 0.000868 0.635850 0.771801
8.908000 26.039005 -3.142469 0.055260 -0.004257 0.001006 0.636775 0.771037
8.940000 26.086312 -3.241761 0.052506 -0.004386 0.001166 0.637816 0.770175
8.980000 26.144421 -3.366064 0.048963 -0.004530 0.001365 0.639094 0.769114
9.008000 26.184678 -3.453150 0.046448 -0.004616 0.001498 0.639972 0.768383
9.040000 26.229999 -3.552796 0.043523 -0.004699 0.001635 0.640962 0.767557
9.080000 26.285905 -3.677522 0.039820 -0.004779 0.001772 0.642193 0.766526
9.108000 26.324726 -3.764895 0.037216 -0.004807 0.001854 0.643041 0.765814
9.148000 26.379538 -3.889843 0.033485 -0.004804 0.001952 0.644231 0.764813
9.180000 26.422673 -3.989933 0.030521 -0.004761 0.002013 0.645165 0.764025
9.208000 26.460238 -4.077543 0.027939 -0.004694 0.002054 0.645970 0.763346
9.240000 26.502662 -4.177762 0.025023 -0.004586 0.002088 0.646876 0.762579
9.280000 26.554982 -4.303172 0.021451 -0.004405 0.002109 0.647986 0.761636
9.308000 26.591304 -4.391019 0.018988 -0.004254 0.002110 0.648751 0.760986
9.340000 26.632307 -4.491519 0.016240 -0.004060 0.002097 0.649610 0.760254
9.368000 26.667745 -4.579556 0.013909 -0.003877 0.002074 0.650351 0.759621
9.400000 26.708044 -4.680214 0.011278 -0.003655 0.002036 0.651185 0.758907
9.440000 26.757554 -4.806248 0.008162 -0.003365 0.001973 0.652209 0.758029
9.468000 26.791787 -4.894581 0.006085 -0.003157 0.001920 0.652913 0.757424
9.500000 26.830717 -4.995582 0.003758 -0.002917 0.001853 0.653706 0.756741
9.540000 26.878471 -5.122031 0.001126 -0.002614 0.001766 0.654679 0.755900
9.568000 26.911499 -5.210659 -0.000589 -0.002399 0.001711 0.655344 0.755325
9.608000 26.958299 -5.337378 -0.002912 -0.002088 0.001646 0.656268 0.754523
9.640000 26.995237 -5.438892 -0.004596 -0.001837 0.001598 0.656994 0.753892
9.668000 27.027173 -5.527819 -0.005922 -0.001616 0.001558 0.657618 0.753348
9.708000 27.072425 -5.654953 -0.007672 -0.001298 0.001504 0.658495 0.752583
9.740000 27.108144 -5.756781 -0.008874 -0.001040 0.001463 0.659182 0.751981
9.768000 27.139026 -5.845968 -0.009763 -0.000813 0.001426 0.659775 0.751462
9.800000 27.174149 -5.947935 -0.010703 -0.000550 0.001382 0.660442 0.750875
9.840000 27.217316 -6.075552 -0.011537 -0.000217 0.001320 0.661262 0.750154
9.868000 27.247167 -6.164959 -0.011945 0.000019 0.001271 0.661827 0.749656
9.900000 27.281116 -6.267171 -0.012331 0.000292 0.001208 0.662463 0.749094
9.940000 27.322832 -6.395077 -0.012459 0.000636 0.001119 0.663244 0.748402
9.968000 27.351678 -6.484680 -0.012373 0.000879 0.001049 0.663782 0.747924
10.000000 27.384482 -6.587116 -0.012196 0.001158 0.000960 0.664389 0.747386
10.028000 27.412697 -6.676845 -0.011802 0.001402 0.000876 0.664911 0.746920
10.068000 27.452661 -6.805103 -0.011075 0.001751 0.000747 0.665646 0.746265
10.100000 27.484358 -6.907767 -0.010363 0.002028 0.000636 0.666224 0.745749
10.128000 27.511620 -6.997708 -0.009520 0.002268 0.000534 0.666722 0.745303
10.168000 27.550236 -7.126277 -0.008164 0.002605 0.000386 0.667422 0.744675
10.200000 27.580864 -7.229199 -0.006959 0.002866 0.000265 0.667973 0.744180
10.228000 27.607207 -7.319380 -0.005701 0.003088 0.000159 0.668448 0.743753
10.260000 27.637120 -7.422500 -0.004181 0.003333 0.000040 0.668983 0.743271
10.300000 27.674111 -7.551519 -0.002107 0.003620 -0.000105 0.669640 0.742677
10.328000 27.699560 -7.641969 -0.000470 0.003809 -0.000202 0.670093 0.742268
10.360000 27.728458 -7.745401 0.001473 0.004009 -0.000307 0.670602 0.741806
10.400000 27.764189 -7.874818 0.004056 0.004234 -0.000430 0.671229 0.741238
10.428000 27.788718 -7.965428 0.006038 0.004375 -0.000509 0.671661 0.740846
10.468000 27.823023 -8.093981 0.009118 0.004549 -0.000612 0.672268 0.740294
10.500000 27.849878 -8.196110 0.011781 0.004660 -0.000679 0.672732 0.739871
10.528000 27.872257 -8.284120 0.014399 0.004669 -0.000645 0.672962 0.739662
10.560000 27.897375 -8.384188 0.017448 0.004564 -0.000487 0.672967 0.739658
10.588000 27.918684 -8.470998 0.020199 0.004390 -0.000264 0.672753 0.739854
10.628000 27.948101 -8.593890 0.024114 0.004043 0.000148 0.672107 0.740443
10.660000 27.970865 -8.691359 0.027181 0.003714 0.000520 0.671313 0.741164
10.688000 27.990173 -8.775973 0.029779 0.003410 0.000849 0.670424 0.741970
10.728000 28.016834 -8.895820 0.033283 0.002983 0.001287 0.668851 0.743389
10.760000 28.037478 -8.990930 0.035920 0.002674 0.001581 0.667347 0.744741
10.788000 28.055002 -9.073547 0.038089 0.002441 0.001781 0.665858 0.746072
10.820000 28.074462 -9.167343 0.040432 0.002229 0.001934 0.663967 0.747756
10.860000 28.098050 -9.283803 0.043200 0.002056 0.002003 0.661329 0.750090
10.888000 28.114055 -9.364806 0.045045 0.001999 0.001970 0.659310 0.751866
10.928000 28.136264 -9.479938 0.047606 0.002002 0.001818 0.656187 0.754593
10.960000 28.153557 -9.571668 0.049618 0.002068 0.001619 0.653496 0.756926
10.988000 28.168324 -9.651675 0.051362 0.002159 0.001402 0.651006 0.759068
11.028000 28.188903 -9.765736 0.053844 0.002325 0.001045 0.647239 0.762283
11.060000 28.204997 -9.856873 0.055815 0.002467 0.000740 0.644054 0.764976
11.088000 28.218799 -9.936574 0.057526 0.002582 0.000476 0.641147 0.767414
11.120000 28.234301 -10.027705 0.059438 0.002687 0.000190 0.637694 0.770285
11.160000 28.253340 -10.141721 0.061745 0.002758 -0.000122 0.633187 0.773994
11.188000 28.266449 -10.221645 0.063281 0.002755 -0.000298 0.629911 0.776662
11.220000 28.281258 -10.313144 0.064918 0.002690 -0.000447 0.626052 0.779777
11.260000 28.299562 -10.427738 0.066788 0.002511 -0.000549 0.621059 0.783760
11.288000 28.312253 -10.508122 0.067953 0.002320 -0.000562 0.617457 0.786601
11.320000 28.326675 -10.600149 0.069121 0.002039 -0.000517 0.613237 0.789896
11.348000 28.339251 -10.680757 0.070058 0.001744 -0.000430 0.609458 0.792816
11.388000 28.357132 -10.796176 0.071065 0.001258 -0.000234 0.603923 0.797042
11.420000 28.371425 -10.888605 0.071710 0.000827 -0.000029 0.599384 0.800461
11.448000 28.383925 -10.969529 0.072191 0.000432 0.000179 0.595335 0.803478
11.488000 28.401810 -11.085241 0.072576 -0.000147 0.000502 0.589429 0.807820
11.520000 28.416152 -11.177827 0.072739 -0.000607 0.000768 0.584606 0.811317
11.548000 28.428719 -11.258849 0.072805 -0.000998 0.000995 0.580316 0.814390
11.580000 28.443164 -11.351431 0.072647 -0.001424 0.001237 0.575337 0.817915
11.620000 28.461293 -11.467135 0.072296 -0.001917 0.001497 0.569001 0.822333
11.648000 28.474034 -11.548113 0.071941 -0.002230 0.001641 0.564495 0.825432
11.680000 28.488756 -11.640624 0.071267 -0.002556 0.001760 0.559276 0.828976
11.720000 28.507296 -11.756255 0.070244 -0.002914 0.001836 0.552651 0.833406
11.748000 28.520370 -11.837191 0.069402 -0.003133 0.001838 0.547949 0.836504
11.780000 28.535608 -11.929713 0.068142 -0.003355 0.001792 0.542512 0.840039
11.820000 28.554897 -12.045408 0.066387 -0.003594 0.001668 0.535624 0.844447
11.848000 28.568568 -12.126424 0.065032 -0.003740 0.001545 0.530743 0.847523
11.880000 28.584683 -12.219129 0.063227 -0.003891 0.001375 0.525107 0.851026
11.920000 28.605198 -12.335109 0.060838 -0.004061 0.001134 0.517976 0.855385
11.948000 28.619819 -12.416363 0.059074 -0.004171 0.000959 0.512930 0.858420
11.980000 28.637230 -12.509412 0.056903 -0.004293 0.000761 0.507109 0.861871
12.008000 28.652663 -12.590881 0.054978 -0.004399 0.000598 0.501969 0.864874
12.048000 28.675421 -12.707446 0.052138 -0.004551 0.000392 0.494554 0.869135
12.080000 28.694511 -12.800897 0.049809 -0.004676 0.000259 0.488560 0.872517
12.108000 28.711452 -12.882711 0.047763 -0.004790 0.000170 0.483273 0.875457
12.148000 28.736506 -12.999744 0.044811 -0.004959 0.000088 0.475651 0.879620
12.180000 28.757564 -13.093505 0.042426 -0.005099 0.000060 0.469497 0.882919
12.208000 28.776255 -13.175566 0.040332 -0.005223 0.000062 0.464071 0.885783
12.248000 28.803906 -13.292866 0.037316 -0.005399 0.000101 0.456255 0.889833
12.280000 28.827133 -13.386719 0.034865 -0.005536 0.000154 0.449949 0.893037
12.308000 28.847743 -13.468825 0.032710 -0.005648 0.000212 0.444392 0.895815
12.348000 28.878207 -13.586071 0.029591 -0.005791 0.000303 0.436393 0.899738
12.380000 28.903760 -13.679743 0.027057 -0.005885 0.000374 0.429942 0.902837
12.408000 28.926424 -13.761661 0.024834 -0.005948 0.000430 0.424262 0.905520
12.440000 28.953196 -13.855150 0.022278 -0.005995 0.000480 0.417728 0.908552
12.480000 28.987924 -13.971779 0.019096 -0.006013 0.000517 0.409501 0.912290
12.508000 29.012781 -14.053311 0.016884 -0.005996 0.000522 0.403702 0.914871
12.540000 29.042123 -14.146298 0.014395 -0.005947 0.000506 0.397036 0.917784
12.580000 29.080157 -14.262234 0.011383 -0.005841 0.000452 0.388646 0.921369
12.608000 29.107371 -14.343259 0.009327 -0.005740 0.000393 0.382735 0.923840
12.640000 29.139481 -14.435631 0.007078 -0.005599 0.000308 0.375942 0.926626
12.668000 29.168496 -14.516248 0.005219 -0.005457 0.000220 0.369967 0.929029
12.708000 29.210854 -14.631206 0.002676 -0.005228 0.000079 0.361380 0.932404
12.740000 29.245963 -14.722887 0.000799 -0.005029 -0.000041 0.354467 0.935055
12.768000 29.277677 -14.802869 -0.000713 -0.004845 -0.000147 0.348388 0.937338
12.800000 29.314374 -14.894167 -0.002381 -0.004628 -0.000263 0.341407 0.939904
12.840000 29.362300 -15.007766 -0.004199 -0.004350 -0.000395 0.332629 0.943047
12.868000 29.396904 -15.086995 -0.005337 -0.004152 -0.000473 0.326453 0.945204
12.900000 29.436935 -15.177408 -0.006576 -0.003925 -0.000544 0.319361 0.947625
12.940000 29.489133 -15.289778 -0.007853 -0.003638 -0.000603 0.310448 0.950583
12.968000 29.526769 -15.368075 -0.008609 -0.003435 -0.000622 0.304179 0.952609
13.000000 29.570283 -15.457392 -0.009410 -0.003202 -0.000621 0.296982 0.954877
13.040000 29.626890 -15.568239 -0.010127 -0.002907 -0.000586 0.287942 0.957643
13.068000 29.667624 -15.645393 -0.010480 -0.002697 -0.000541 0.281585 0.959532
13.100000 29.714685 -15.733368 -0.010817 -0.002453 -0.000471 0.274290 0.961644
13.140000 29.775729 -15.842383 -0.010933 -0.002143 -0.000360 0.265130 0.964210
13.168000 29.819563 -15.918178 -0.010861 -0.001922 -0.000270 0.258690 0.965959
13.200000 29.870164 -16.004566 -0.010708 -0.001667 -0.000159 0.251303 0.967907
13.240000 29.935611 -16.111452 -0.010213 -0.001345 -0.000014 0.242029 0.970268
13.268000 29.982515 -16.185686 -0.009720 -0.001119 0.000089 0.235512 0.971871
13.300000 30.036619 -16.270258 -0.009091 -0.000860 0.000204 0.228038 0.973652
13.328000 30.085483 -16.343392 -0.008349 -0.000634 0.000300 0.221478 0.975165
13.368000 30.156374 -16.447217 -0.007163 -0.000313 0.000429 0.212071 0.977254
13.400000 30.213954 -16.529754 -0.006115 -0.000060 0.000523 0.204518 0.978863
13.428000 30.265856 -16.601015 -0.005038 0.000159 0.000598 0.197889 0.980224
13.468000 30.341087 -16.702099 -0.003394 0.000466 0.000695 0.188388 0.982094
13.500000 30.402141 -16.782392 -0.001996 0.000706 0.000764 0.180761 0.983526
13.528000 30.457085 -16.851599 -0.000636 0.000911 0.000819 0.174070 0.984732
13.568000 30.536664 -16.949687 0.001398 0.001196 0.000894 0.164483 0.986379
13.600000 30.601197 -17.027534 0.003098 0.001416 0.000953 0.156790 0.987631
13.628000 30.659185 -17.094516 0.004709 0.001601 0.001005 0.150042 0.988678
13.668000 30.743107 -17.189363 0.007093 0.001853 0.001085 0.140377 0.990096
13.700000 30.811111 -17.264568 0.009067 0.002042 0.001155 0.132624 0.991164
13.728000 30.872120 -17.329151 0.010901 0.002198 0.001223 0.125825 0.992049
13.760000 30.942483 -17.402418 0.013037 0.002364 0.001308 0.118039 0.993005
13.800000 31.031765 -17.492870 0.015791 0.002553 0.001428 0.108284 0.994116
13.828000 31.095730 -17.554872 0.017796 0.002672 0.001521 0.101441 0.994837
13.860000 31.169450 -17.625148 0.020110 0.002794 0.001636 0.093607 0.995604
13.888000 31.234854 -17.685787 0.022170 0.002888 0.001743 0.086740 0.996225
13.928000 31.329697 -17.771001 0.025145 0.003005 0.001904 0.076912 0.997032
13.960000 31.406641 -17.838063 0.027540 0.003083 0.002039 0.069036 0.997607
13.988000 31.474825 -17.895828 0.029642 0.003141 0.002158 0.062134 0.998061
14.028000 31.573564 -17.976843 0.032634 0.003208 0.002328 0.052260 0.998626
14.060000 31.653567 -18.040473 0.035013 0.003249 0.002460 0.044349 0.999008
14.088000 31.724379 -18.095179 0.037077 0.003277 0.002572 0.037419 0.999291
14.120000 31.806206 -18.156564 0.039407 0.003298 0.002693 0.029491 0.999556
14.160000 31.909685 -18.231742 0.042276 0.003311 0.002831 0.019569 0.999799
14.188000 31.982974 -18.283225 0.044249 0.003311 0.002918 0.012617 0.999911
14.220000 32.067766 -18.340808 0.046432 0.003302 0.003007 0.004665 0.999979
14.260000 32.175692 -18.410879 0.048970 0.003275 0.003101 -0.005282 0.999976
14.288000 32.253137 -18.458347 0.050526 0.003246 0.003152 -0.012250 0.999915
14.320000 32.343523 -18.510937 0.052122 0.003197 0.003077 -0.019963 0.999791
14.360000 32.458953 -18.574431 0.053930 0.003110 0.002746 -0.029120 0.999567
14.388000 32.541450 -18.617248 0.055108 0.003030 0.002393 -0.035233 0.999372
14.428000 32.661579 -18.676084 0.056788 0.002893 0.001776 -0.043574 0.999044
14.460000 32.759377 -18.721354 0.058169 0.002766 0.001239 -0.049937 0.998748
14.488000 32.846287 -18.759508 0.059431 0.002646 0.000772 -0.055296 0.998466
14.520000 32.947041 -18.801453 0.060958 0.002502 0.000278 -0.061194 0.998123
14.560000 33.074837 -18.851650 0.062969 0.002316 -0.000236 -0.068250 0.997666
14.588000 33.165577 -18.885172 0.064440 0.002186 -0.000501 -0.072994 0.997330
14.620000 33.270448 -18.921858 0.066133 0.002040 -0.000694 -0.078229 0.996933
14.648000 33.362825 -18.953104 0.067622 0.001917 -0.000761 -0.082657 0.996576
14.680000 33.470008 -18.986262 0.069235 0.001783 -0.000719 -0.087551 0.996158
14.720000 33.604820 -19.026156 0.071134 0.001627 -0.000503 -0.093434 0.995624
14.748000 33.699772 -19.052994 0.072380 0.001526 -0.000259 -0.097405 0.995244
14.788000 33.836718 -19.088324 0.073841 0.001393 0.000194 -0.102881 0.994693
14.820000 33.946753 -19.115137 0.074838 0.001296 0.000615 -0.107104 0.994247
14.848000 34.043285 -19.137837 0.075620 0.001216 0.001003 -0.110690 0.993854
14.888000 34.181827 -19.167483 0.076427 0.001109 0.001553 -0.115645 0.993289
14.920000 34.292851 -19.189867 0.076953 0.001026 0.001961 -0.119473 0.992835
14.948000 34.390096 -19.208754 0.077349 0.000954 0.002275 -0.122730 0.992437
14.988000 34.529193 -19.233185 0.077752 0.000846 0.002632 -0.127238 0.991868
15.020000 34.640489 -19.251507 0.078023 0.000753 0.002822 -0.130729 0.991414
15.048000 34.737883 -19.266897 0.078232 0.000664 0.002914 -0.133702 0.991017
15.080000 34.849161 -19.282602 0.078409 0.000552 0.002930 -0.137011 0.990565
15.120000 34.988226 -19.301091 0.078587 0.000394 0.002819 -0.141021 0.990002
15.148000 35.085550 -19.313234 0.078680 0.000270 0.002662 -0.143748 0.989611
15.180000 35.196742 -19.325328 0.078688 0.000114 0.002413 -0.146788 0.989165
15.220000 35.335728 -19.339348 0.078615 -0.000098 0.002017 -0.150476 0.988612
15.248000 35.433017 -19.348395 0.078508 -0.000257 0.001699 -0.152988 0.988227
15.280000 35.544240 -19.357001 0.078231 -0.000447 0.001310 -0.155790 0.987789
15.308000 35.641578 -19.364103 0.077951 -0.000617 0.000962 -0.158185 0.987409
15.348000 35.780698 -19.372717 0.077415 -0.000861 0.000475 -0.161518 0.986869
15.380000 35.892091 -19.377914 0.076857 -0.001053 0.000110 -0.164111 0.986441
15.408000 35.989587 -19.382043 0.076348 -0.001215 -0.000180 -0.166330 0.986069
15.440000 36.101085 -19.385571 0.075703 -0.001390 -0.000468 -0.168809 0.985648
15.480000 36.240551 -19.388349 0.074859 -0.001590 -0.000752 -0.171828 0.985125
15.508000 36.338208 -19.389612 0.074261 -0.001717 -0.000898 -0.173889 0.984763
15.540000 36.449857 -19.389922 0.073578 -0.001847 -0.001009 -0.176195 0.984353
15.580000 36.589422 -19.388783 0.072746 -0.001988 -0.001070 -0.179005 0.983846
15.608000 36.687102 -19.387353 0.072171 -0.002074 -0.001066 -0.180925 0.983494
15.648000 36.826590 -19.384001 0.071364 -0.002181 -0.001007 -0.183605 0.982997
15.680000 36.938041 -19.379923 0.070707 -0.002258 -0.000926 -0.185696 0.982604
15.708000 37.035508 -19.376021 0.070119 -0.002320 -0.000842 -0.187490 0.982263
15.748000 37.174557 -19.369257 0.069233 -0.002405 -0.000715 -0.189994 0.981782
15.780000 37.285519 -19.362573 0.068431 -0.002473 -0.000623 -0.191950 0.981401
15.808000 37.382529 -19.356419 0.067697 -0.002534 -0.000559 -0.193628 0.981072
15.840000 37.493165 -19.348514 0.066769 -0.002608 -0.000512 -0.195509 0.980698
15.880000 37.631104 -19.337453 0.065473 -0.002707 -0.000504 -0.197806 0.980237
15.908000 37.727509 -19.329218 0.064510 -0.002782 -0.000536 -0.199380 0.979918
15.940000 37.837427 -19.318988 0.063319 -0.002871 -0.000614 -0.201145 0.979557
15.968000 37.933388 -19.309336 0.062217 -0.002954 -0.000717 -0.202660 0.979244
16.000000 38.042958 -19.297986 0.060931 -0.003052 -0.000873 -0.204360 0.978891
16.040000 38.179521 -19.282420 0.059255 -0.003178 -0.001115 -0.206439 0.978454
16.068000 38.274941 -19.270845 0.058076 -0.003268 -0.001309 -0.207864 0.978151
16.108000 38.411095 -19.253652 0.056394 -0.003396 -0.001609 -0.209859 0.977724
16.140000 38.519827 -19.239039 0.055066 -0.003496 -0.001857 -0.211421 0.977387
16.168000 38.614841 -19.225589 0.053931 -0.003581 -0.002072 -0.212763 0.977095
16.208000 38.750459 -19.205735 0.052336 -0.003698 -0.002365 -0.214643 0.976683
16.240000 38.858813 -19.189015 0.051095 -0.003785 -0.002577 -0.216115 0.976357
16.268000 38.953520 -19.173741 0.050029 -0.003855 -0.002741 -0.217381 0.976075
16.300000 39.061711 -19.155992 0.048818 -0.003929 -0.002901 -0.218804 0.975757
16.340000 39.196746 -19.132547 0.047318 -0.004008 -0.003055 -0.220545 0.975364
16.368000 39.291161 -19.115522 0.046261 -0.004056 -0.003133 -0.221741 0.975092
16.400000 39.399014 -19.095784 0.045050 -0.004101 -0.003192 -0.223085 0.974785
16.440000 39.533585 -19.069922 0.043503 -0.004144 -0.003226 -0.224732 0.974407
16.468000 39.627646 -19.051246 0.042401 -0.004166 -0.003227 -0.225863 0.974145
16.500000 39.735081 -19.029639 0.041133 -0.004182 -0.003210 -0.227134 0.973849
16.540000 39.869064 -19.001528 0.039518 -0.004192 -0.003170 -0.228692 0.973485
16.568000 39.962682 -18.981322 0.038379 -0.004192 -0.003135 -0.229763 0.973232
16.600000 40.069595 -18.957988 0.037076 -0.004188 -0.003093 -0.230968 0.972948
16.628000 40.162890 -18.936861 0.035939 -0.004182 -0.003059 -0.232005 0.972701
16.668000 40.295978 -18.906192 0.034326 -0.004171 -0.003019 -0.233460 0.972353
16.700000 40.402297 -18.881266 0.033045 -0.004161 -0.003000 -0.234602 0.972078
16.728000 40.495057 -18.858797 0.031946 -0.004154 -0.002993 -0.235586 0.971840
16.760000 40.600954 -18.832842 0.030699 -0.004147 -0.002999 -0.236693 0.971571
16.800000 40.733087 -18.799825 0.029162 -0.004142 -0.003027 -0.238051 0.971239
16.828000 40.825320 -18.776083 0.028103 -0.004141 -0.003060 -0.238985 0.971010
16.860000 40.930624 -18.748683 0.026897 -0.004142 -0.003109 -0.240037 0.970750
16.900000 41.062033 -18.713879 0.025400 -0.004145 -0.003186 -0.241328 0.970429
16.928000 41.153786 -18.688901 0.024357 -0.004148 -0.003246 -0.242217 0.970208
16.968000 41.284707 -18.652784 0.022870 -0.004150 -0.003337 -0.243465 0.969895
17.000000 41.389320 -18.623542 0.021684 -0.004148 -0.003409 -0.244446 0.969648
17.028000 41.480655 -18.597353 0.020654 -0.004144 -0.003470 -0.245291 0.969434
17.068000 41.610999 -18.559514 0.019197 -0.004132 -0.003546 -0.246480 0.969133
17.100000 41.715168 -18.528903 0.018041 -0.004116 -0.003596 -0.247414 0.968894
17.128000 41.806137 -18.501533 0.017060 -0.004097 -0.003629 -0.248220 0.968688
17.160000 41.910029 -18.470009 0.015956 -0.004069 -0.003652 -0.249128 0.968455
17.188000 42.000827 -18.442067 0.015015 -0.004039 -0.003658 -0.249911 0.968253
17.228000 42.130367 -18.401594 0.013720 -0.003987 -0.003645 -0.251012 0.967969
17.260000 42.233865 -18.368793 0.012721 -0.003940 -0.003615 -0.251878 0.967744
17.288000 42.324316 -18.339754 0.011878 -0.003894 -0.003575 -0.252626 0.967550
17.328000 42.453350 -18.297746 0.010721 -0.003822 -0.003499 -0.253677 0.967275
17.360000 42.556431 -18.263744 0.009826 -0.003761 -0.003425 -0.254504 0.967058
17.388000 42.646507 -18.233676 0.009067 -0.003704 -0.003352 -0.255218 0.966871
17.428000 42.774983 -18.190232 0.008010 -0.003621 -0.003239 -0.256223 0.966605
17.460000 42.877604 -18.155107 0.007182 -0.003551 -0.003146 -0.257014 0.966396
17.488000 42.967265 -18.124077 0.006469 -0.003489 -0.003063 -0.257697 0.966215
17.528000 43.095134 -18.079288 0.005465 -0.003399 -0.002948 -0.258658 0.965959
17.560000 43.197261 -18.043109 0.004671 -0.003326 -0.002861 -0.259415 0.965756
17.588000 43.286485 -18.011174 0.003985 -0.003262 -0.002790 -0.260069 0.965581
17.620000 43.388301 -17.974365 0.003213 -0.003188 -0.002715 -0.260806 0.965382
17.660000 43.515365 -17.927939 0.002269 -0.003096 -0.002632 -0.261714 0.965137
17.688000 43.604162 -17.895142 0.001626 -0.003032 -0.002579 -0.262341 0.964967
17.720000 43.705501 -17.857361 0.000916 -0.002958 -0.002524 -0.263048 0.964775
17.760000 43.831985 -17.809733 0.000065 -0.002867 -0.002462 -0.263918 0.964538
17.788000 43.920390 -17.776105 -0.000502 -0.002803 -0.002420 -0.264519 0.964373
17.820000 44.021295 -17.737380 -0.001115 -0.002729 -0.002373 -0.265198 0.964187
17.860000 44.147255 -17.688583 -0.001836 -0.002636 -0.002311 -0.266034 0.963957
17.888000 44.235306 -17.654143 -0.002307 -0.002571 -0.002265 -0.266611 0.963798
17.920000 44.335817 -17.614497 -0.002812 -0.002494 -0.002207 -0.267263 0.963618
17.948000 44.423702 -17.579658 -0.003236 -0.002425 -0.002151 -0.267826 0.963462
