0.000000 0.000000 0.000000 0.000000 0.000000 0.000000 0.000000 1.000000
0.064000 0.000000 0.000000 0.000000 0.000000 0.000000 0.000000 1.000000
0.132000 0.000000 0.000000 0.000000 0.000000 0.000000 0.000000 1.000000
0.196000 0.000000 0.000000 0.000000 0.000000 0.000000 0.000000 1.000000
0.264000 0.000000 0.000000 0.000000 0.000000 0.000000 0.000000 1.000000
0.328000 0.000000 0.000000 0.000000 0.000000 0.000000 0.000000 1.000000
0.396000 0.000000 0.000000 0.000000 0.000000 0.000000 0.000000 1.000000
0.460000 0.000000 0.000000 0.000000 0.000000 0.000000 0.000000 1.000000
0.528000 0.000000 0.000000 0.000000 0.000000 0.000000 0.000000 1.000000
0.592000 0.000000 0.000000 0.000000 0.000000 0.000000 0.000000 1.000000
0.660000 0.000000 0.000000 0.000000 0.000000 0.000000 0.000000 1.000000
0.724000 0.000000 0.000000 0.000000 0.000000 0.000000 0.000000 1.000000
0.792000 0.000000 0.000000 0.000000 0.000000 0.000000 0.000000 1.000000
0.856000 0.000000 0.000000 0.000000 0.000000 0.000000 0.000000 1.000000
0.924000 0.000000 0.000000 0.000000 0.000000 0.000000 0.000000 1.000000
0.988000 0.000000 0.000000 0.000000 0.000000 0.000000 0.000000 1.000000
1.056000 0.000000 0.000000 0.000000 0.000000 0.000000 0.000000 1.000000
1.120000 0.000000 0.000000 0.000000 0.000000 0.000000 0.000000 1.000000
1.188000 0.000000 0.000000 0.000000 0.000000 0.000000 0.000000 1.000000
1.252000 0.000000 0.000000 0.000000 0.000000 0.000000 0.000000 1.000000
1.320000 0.000000 0.000000 0.000000 0.000000 0.000000 0.000000 1.000000
1.384000 0.000000 0.000000 0.000000 0.000000 0.000000 0.000000 1.000000
1.452000 0.000000 0.000000 0.000000 0.000000 0.000000 0.000000 1.000000
1.516000 0.000000 0.000000 0.000000 0.000000 0.000000 0.000000 1.000000
1.584000 0.000000 0.000000 0.000000 0.000000 0.000000 0.000000 1.000000
1.648000 0.000000 0.000000 0.000000 0.000000 0.000000 0.000000 1.000000
1.716000 0.000000 0.000000 0.000000 0.000000 0.000000 0.000000 1.000000
1.780000 0.218872 -0.281720 0.934200 -0.000598 0.001221 0.000374 0.999999
1.848000 0.218872 -0.281720 0.934200 -0.000598 0.001221 0.000374 0.999999
1.912000 -0.266246 0.017749 0.112629 -0.000636 0.002626 0.000857 0.999996
1.980000 -0.099899 0.309901 -0.829165 -0.000596 0.004513 0.001587 0.999988
2.044000 -0.099899 0.309901 -0.829165 -0.000596 0.004513 0.001587 0.999988
2.112000 -0.099899 0.309901 -0.829165 -0.000596 0.004513 0.001587 0.999988
2.176000 -0.099899 0.309901 -0.829165 -0.000596 0.004513 0.001587 0.999988
2.244000 0.900055 0.313069 -0.838193 -0.000596 0.004513 0.001587 0.999988
2.308000 0.900055 0.313069 -0.838193 -0.000596 0.004513 0.001587 0.999988
2.376000 0.953898 0.587881 -1.798182 -0.001129 0.006770 0.002731 0.999973
2.440000 1.247718 0.800655 -2.730060 -0.001740 0.009548 0.003652 0.999946
2.508000 1.310722 1.126321 -3.673444 -0.002332 0.012244 0.004603 0.999912
2.572000 1.310722 1.126321 -3.673444 -0.002332 0.012244 0.004603 0.999912
2.640000 1.310722 1.126321 -3.673444 -0.002332 0.012244 0.004603 0.999912
2.704000 1.310722 1.126321 -3.673444 -0.002332 0.012244 0.004603 0.999912
2.772000 1.310722 1.126321 -3.673444 -0.002332 0.012244 0.004603 0.999912
2.836000 1.310722 1.126321 -3.673444 -0.002332 0.012244 0.004603 0.999912
2.904000 1.310722 1.126321 -3.673444 -0.002332 0.012244 0.004603 0.999912
2.968000 1.310722 1.126321 -3.673444 -0.002332 0.012244 0.004603 0.999912
3.036000 1.310722 1.126321 -3.673444 -0.002332 0.012244 0.004603 0.999912
3.100000 1.310722 1.126321 -3.673444 -0.002332 0.012244 0.004603 0.999912
3.168000 1.310722 1.126321 -3.673444 -0.002332 0.012244 0.004603 0.999912
3.232000 1.310722 1.126321 -3.673444 -0.002332 0.012244 0.004603 0.999912
3.300000 1.310722 1.126321 -3.673444 -0.002332 0.012244 0.004603 0.999912
3.364000 1.310722 1.126321 -3.673444 -0.002332 0.012244 0.004603 0.999912
3.432000 1.906777 0.884683 -2.907721 -0.002360 0.015481 0.005640 0.999861
3.496000 1.906777 0.884683 -2.907721 -0.002360 0.015481 0.005640 0.999861
3.564000 2.411123 0.631977 -2.082025 -0.002367 0.018642 0.006598 0.999802
3.628000 1.895963 0.471156 -1.240153 -0.002378 0.022086 0.007365 0.999726
3.696000 1.251602 0.685783 -1.974138 -0.002359 0.025714 0.008491 0.999630
3.760000 1.251602 0.685783 -1.974138 -0.002359 0.025714 0.008491 0.999630
3.828000 1.251602 0.685783 -1.974138 -0.002359 0.025714 0.008491 0.999630
3.892000 1.251602 0.685783 -1.974138 -0.002359 0.025714 0.008491 0.999630
3.960000 1.251602 0.685783 -1.974138 -0.002359 0.025714 0.008491 0.999630
4.024000 1.251602 0.685783 -1.974138 -0.002359 0.025714 0.008491 0.999630
4.092000 0.977899 1.472994 -2.526756 -0.002175 0.029273 0.009014 0.999528
4.156000 0.977899 1.472994 -2.526756 -0.002175 0.029273 0.009014 0.999528
4.224000 0.977899 1.472994 -2.526756 -0.002175 0.029273 0.009014 0.999528
4.288000 0.977899 1.472994 -2.526756 -0.002175 0.029273 0.009014 0.999528
4.356000 0.977899 1.472994 -2.526756 -0.002175 0.029273 0.009014 0.999528
4.420000 0.977899 1.472994 -2.526756 -0.002175 0.029273 0.009014 0.999528
4.488000 0.977899 1.472994 -2.526756 -0.002175 0.029273 0.009014 0.999528
4.552000 0.977899 1.472994 -2.526756 -0.002175 0.029273 0.009014 0.999528
4.620000 0.977899 1.472994 -2.526756 -0.002175 0.029273 0.009014 0.999528
4.684000 0.776208 1.780579 -3.456655 -0.002000 0.033230 0.009798 0.999398
4.752000 0.397253 2.106107 -4.322925 -0.001802 0.037257 0.010923 0.999244
4.816000 0.397253 2.106107 -4.322925 -0.001802 0.037257 0.010923 0.999244
4.884000 0.397253 2.106107 -4.322925 -0.001802 0.037257 0.010923 0.999244
4.948000 0.633366 1.837073 -3.389185 -0.001539 0.041226 0.011735 0.999080
5.016000 -0.021069 2.030793 -4.120066 -0.001513 0.044733 0.012775 0.998916
5.080000 -0.021069 2.030793 -4.120066 -0.001513 0.044733 0.012775 0.998916
5.148000 -0.021069 2.030793 -4.120066 -0.001513 0.044733 0.012775 0.998916
5.212000 -0.852008 2.227674 -4.640430 -0.001194 0.052054 0.014709 0.998535
5.280000 -0.728287 1.715680 -5.490462 -0.000972 0.055768 0.015463 0.998324
5.344000 -0.728287 1.715680 -5.490462 -0.000972 0.055768 0.015463 0.998324
5.412000 -0.728287 1.715680 -5.490462 -0.000972 0.055768 0.015463 0.998324
5.476000 -0.728287 1.715680 -5.490462 -0.000972 0.055768 0.015463 0.998324
5.544000 -0.728287 1.715680 -5.490462 -0.000972 0.055768 0.015463 0.998324
5.608000 -0.728287 1.715680 -5.490462 -0.000972 0.055768 0.015463 0.998324
5.676000 -0.728287 1.715680 -5.490462 -0.000972 0.055768 0.015463 0.998324
5.740000 -0.728287 1.715680 -5.490462 -0.000972 0.055768 0.015463 0.998324
5.808000 -0.728287 1.715680 -5.490462 -0.000972 0.055768 0.015463 0.998324
5.872000 0.270775 1.684777 -5.460151 -0.001058 0.053215 0.014548 0.998477
5.940000 0.270775 1.684777 -5.460151 -0.001058 0.053215 0.014548 0.998477
6.004000 0.270775 1.684777 -5.460151 -0.001058 0.053215 0.014548 0.998477
6.072000 0.270775 1.684777 -5.460151 -0.001058 0.053215 0.014548 0.998477
6.136000 0.270775 1.684777 -5.460151 -0.001058 0.053215 0.014548 0.998477
6.204000 0.270775 1.684777 -5.460151 -0.001058 0.053215 0.014548 0.998477
6.268000 0.270775 1.684777 -5.460151 -0.001058 0.053215 0.014548 0.998477
6.336000 0.270775 1.684777 -5.460151 -0.001058 0.053215 0.014548 0.998477
6.400000 0.270775 1.684777 -5.460151 -0.001058 0.053215 0.014548 0.998477
6.468000 0.004264 1.456784 -4.523674 -0.001183 0.056755 0.015582 0.998266
6.532000 0.004264 1.456784 -4.523674 -0.001183 0.056755 0.015582 0.998266
6.600000 0.004264 1.456784 -4.523674 -0.001183 0.056755 0.015582 0.998266
6.664000 -0.094767 1.207913 -3.560213 -0.001649 0.060499 0.017047 0.998021
6.732000 -0.094767 1.207913 -3.560213 -0.001649 0.060499 0.017047 0.998021
6.796000 -0.094767 1.207913 -3.560213 -0.001649 0.060499 0.017047 0.998021
6.864000 -0.094767 1.207913 -3.560213 -0.001649 0.060499 0.017047 0.998021
6.928000 -0.094767 1.207913 -3.560213 -0.001649 0.060499 0.017047 0.998021
6.996000 -0.094767 1.207913 -3.560213 -0.001649 0.060499 0.017047 0.998021
7.060000 -0.527132 0.993131 -2.684468 -0.001648 0.064306 0.018150 0.997764
7.128000 -0.527132 0.993131 -2.684468 -0.001648 0.064306 0.018150 0.997764
7.192000 -0.648319 0.736813 -1.725503 -0.001704 0.068093 0.019383 0.997489
7.260000 -0.648319 0.736813 -1.725503 -0.001704 0.068093 0.019383 0.997489
7.324000 -0.648319 0.736813 -1.725503 -0.001704 0.068093 0.019383 0.997489
7.392000 -0.648319 0.736813 -1.725503 -0.001704 0.068093 0.019383 0.997489
7.456000 -0.648319 0.736813 -1.725503 -0.001704 0.068093 0.019383 0.997489
7.524000 -0.632701 0.495088 -0.755284 -0.001677 0.071672 0.020646 0.997213
7.588000 -0.632701 0.495088 -0.755284 -0.001677 0.071672 0.020646 0.997213
7.656000 -0.172688 0.794051 -1.591351 -0.001658 0.074963 0.021848 0.996946
7.720000 -0.172688 0.794051 -1.591351 -0.001658 0.074963 0.021848 0.996946
7.788000 -0.540080 0.534335 -0.698283 -0.001654 0.078491 0.022944 0.996649
7.852000 -0.540080 0.534335 -0.698283 -0.001654 0.078491 0.022944 0.996649
7.920000 -0.540080 0.534335 -0.698283 -0.001654 0.078491 0.022944 0.996649
7.984000 -0.540080 0.534335 -0.698283 -0.001654 0.078491 0.022944 0.996649
8.052000 -0.540080 0.534335 -0.698283 -0.001654 0.078491 0.022944 0.996649
8.116000 -0.540080 0.534335 -0.698283 -0.001654 0.078491 0.022944 0.996649
8.184000 -1.444023 0.675859 -1.101842 -0.001610 0.083744 0.024528 0.996184
8.248000 -1.444023 0.675859 -1.101842 -0.001610 0.083744 0.024528 0.996184
8.316000 -1.444023 0.675859 -1.101842 -0.001610 0.083744 0.024528 0.996184
8.380000 -1.825199 1.023017 -1.958688 -0.001392 0.087884 0.025487 0.995804
8.448000 -1.825199 1.023017 -1.958688 -0.001392 0.087884 0.025487 0.995804
8.512000 -1.241644 0.728278 -1.201990 -0.001392 0.091597 0.026584 0.995440
8.580000 -1.241644 0.728278 -1.201990 -0.001392 0.091597 0.026584 0.995440
8.644000 -1.241644 0.728278 -1.201990 -0.001392 0.091597 0.026584 0.995440
8.712000 -1.241644 0.728278 -1.201990 -0.001392 0.091597 0.026584 0.995440
8.776000 -1.241644 0.728278 -1.201990 -0.001392 0.091597 0.026584 0.995440
8.844000 -1.241644 0.728278 -1.201990 -0.001392 0.091597 0.026584 0.995440
8.908000 -1.241644 0.728278 -1.201990 -0.001392 0.091597 0.026584 0.995440
8.976000 -1.241644 0.728278 -1.201990 -0.001392 0.091597 0.026584 0.995440
9.040000 -1.241644 0.728278 -1.201990 -0.001392 0.091597 0.026584 0.995440
9.108000 -1.241644 0.728278 -1.201990 -0.001392 0.091597 0.026584 0.995440
9.172000 -1.241644 0.728278 -1.201990 -0.001392 0.091597 0.026584 0.995440
9.240000 -1.241644 0.728278 -1.201990 -0.001392 0.091597 0.026584 0.995440
9.304000 -1.241644 0.728278 -1.201990 -0.001392 0.091597 0.026584 0.995440
9.372000 -1.035951 0.455840 -0.262060 -0.001080 0.095111 0.027132 0.995096
9.436000 -1.340528 0.209722 0.658080 -0.000542 0.098395 0.027923 0.994755
9.504000 -1.340528 0.209722 0.658080 -0.000542 0.098395 0.027923 0.994755
9.568000 -1.734378 0.462818 -0.225563 0.000068 0.101307 0.028723 0.994440
9.636000 -2.315806 0.700411 -1.003696 0.000644 0.103927 0.029564 0.994145
9.700000 -2.315806 0.700411 -1.003696 0.000644 0.103927 0.029564 0.994145
9.768000 -2.315806 0.700411 -1.003696 0.000644 0.103927 0.029564 0.994145
9.832000 -2.315806 0.700411 -1.003696 0.000644 0.103927 0.029564 0.994145
9.900000 -2.315806 0.700411 -1.003696 0.000644 0.103927 0.029564 0.994145
9.964000 -2.315806 0.700411 -1.003696 0.000644 0.103927 0.029564 0.994145
10.032000 -2.315806 0.700411 -1.003696 0.000644 0.103927 0.029564 0.994145
10.096000 -2.315806 0.700411 -1.003696 0.000644 0.103927 0.029564 0.994145
10.164000 -1.919089 0.426573 -0.127552 0.000589 0.105609 0.030182 0.993949
10.228000 -1.919089 0.426573 -0.127552 0.000589 0.105609 0.030182 0.993949
10.296000 -1.919089 0.426573 -0.127552 0.000589 0.105609 0.030182 0.993949
10.360000 -1.919089 0.426573 -0.127552 0.000589 0.105609 0.030182 0.993949
10.428000 -1.455577 0.150173 0.714327 0.000590 0.107044 0.030648 0.993782
10.492000 -1.455577 0.150173 0.714327 0.000590 0.107044 0.030648 0.993782
10.560000 -1.455577 0.150173 0.714327 0.000590 0.107044 0.030648 0.993782
10.624000 -1.455577 0.150173 0.714327 0.000590 0.107044 0.030648 0.993782
10.692000 -1.455577 0.150173 0.714327 0.000590 0.107044 0.030648 0.993782
10.756000 -1.455577 0.150173 0.714327 0.000590 0.107044 0.030648 0.993782
10.824000 -1.455577 0.150173 0.714327 0.000590 0.107044 0.030648 0.993782
10.888000 -1.455577 0.150173 0.714327 0.000590 0.107044 0.030648 0.993782
10.956000 -1.455577 0.150173 0.714327 0.000590 0.107044 0.030648 0.993782
11.020000 -1.455577 0.150173 0.714327 0.000590 0.107044 0.030648 0.993782
11.088000 -1.455577 0.150173 0.714327 0.000590 0.107044 0.030648 0.993782
11.152000 -1.455577 0.150173 0.714327 0.000590 0.107044 0.030648 0.993782
11.220000 -1.455577 0.150173 0.714327 0.000590 0.107044 0.030648 0.993782
11.284000 -1.455577 0.150173 0.714327 0.000590 0.107044 0.030648 0.993782
11.352000 -1.455577 0.150173 0.714327 0.000590 0.107044 0.030648 0.993782
11.416000 -1.455577 0.150173 0.714327 0.000590 0.107044 0.030648 0.993782
11.484000 -1.455577 0.150173 0.714327 0.000590 0.107044 0.030648 0.993782
11.548000 -1.455577 0.150173 0.714327 0.000590 0.107044 0.030648 0.993782
11.616000 -1.455577 0.150173 0.714327 0.000590 0.107044 0.030648 0.993782
11.680000 -1.455577 0.150173 0.714327 0.000590 0.107044 0.030648 0.993782
11.748000 -1.455577 0.150173 0.714327 0.000590 0.107044 0.030648 0.993782
11.812000 -1.455577 0.150173 0.714327 0.000590 0.107044 0.030648 0.993782
11.880000 -1.455577 0.150173 0.714327 0.000590 0.107044 0.030648 0.993782
11.944000 -1.455577 0.150173 0.714327 0.000590 0.107044 0.030648 0.993782
12.012000 -1.455577 0.150173 0.714327 0.000590 0.107044 0.030648 0.993782
12.076000 -1.455577 0.150173 0.714327 0.000590 0.107044 0.030648 0.993782
12.144000 -0.963833 -0.102243 1.547678 0.000593 0.107026 0.030640 0.993784
12.208000 -0.963833 -0.102243 1.547678 0.000593 0.107026 0.030640 0.993784
12.276000 -0.963833 -0.102243 1.547678 0.000593 0.107026 0.030640 0.993784
12.340000 -0.963833 -0.102243 1.547678 0.000593 0.107026 0.030640 0.993784
12.408000 -0.963833 -0.102243 1.547678 0.000593 0.107026 0.030640 0.993784
12.472000 -0.963833 -0.102243 1.547678 0.000593 0.107026 0.030640 0.993784
12.540000 -0.963833 -0.102243 1.547678 0.000593 0.107026 0.030640 0.993784
12.604000 -0.963833 -0.102243 1.547678 0.000593 0.107026 0.030640 0.993784
12.672000 -0.963833 -0.102243 1.547678 0.000593 0.107026 0.030640 0.993784
12.736000 -0.963833 -0.102243 1.547678 0.000593 0.107026 0.030640 0.993784
12.804000 -0.963833 -0.102243 1.547678 0.000593 0.107026 0.030640 0.993784
12.868000 -0.963833 -0.102243 1.547678 0.000593 0.107026 0.030640 0.993784
12.936000 -0.963833 -0.102243 1.547678 0.000593 0.107026 0.030640 0.993784
13.000000 -0.963833 -0.102243 1.547678 0.000593 0.107026 0.030640 0.993784
13.068000 -0.963833 -0.102243 1.547678 0.000593 0.107026 0.030640 0.993784
13.132000 -0.963833 -0.102243 1.547678 0.000593 0.107026 0.030640 0.993784
13.200000 -0.963833 -0.102243 1.547678 0.000593 0.107026 0.030640 0.993784
13.264000 -0.963833 -0.102243 1.547678 0.000593 0.107026 0.030640 0.993784
13.332000 -0.963833 -0.102243 1.547678 0.000593 0.107026 0.030640 0.993784
13.396000 -0.963833 -0.102243 1.547678 0.000593 0.107026 0.030640 0.993784
13.464000 -0.963833 -0.102243 1.547678 0.000593 0.107026 0.030640 0.993784
13.528000 -0.963833 -0.102243 1.547678 0.000593 0.107026 0.030640 0.993784
13.596000 -0.963833 -0.102243 1.547678 0.000593 0.107026 0.030640 0.993784
13.660000 -0.963833 -0.102243 1.547678 0.000593 0.107026 0.030640 0.993784
13.728000 -0.963833 -0.102243 1.547678 0.000593 0.107026 0.030640 0.993784
13.792000 -0.963833 -0.102243 1.547678 0.000593 0.107026 0.030640 0.993784
13.860000 -0.963833 -0.102243 1.547678 0.000593 0.107026 0.030640 0.993784
13.924000 -0.963833 -0.102243 1.547678 0.000593 0.107026 0.030640 0.993784
13.992000 -0.963833 -0.102243 1.547678 0.000593 0.107026 0.030640 0.993784
14.056000 -0.963833 -0.102243 1.547678 0.000593 0.107026 0.030640 0.993784
14.124000 -0.963833 -0.102243 1.547678 0.000593 0.107026 0.030640 0.993784
14.188000 -0.963833 -0.102243 1.547678 0.000593 0.107026 0.030640 0.993784
14.256000 -0.963833 -0.102243 1.547678 0.000593 0.107026 0.030640 0.993784
14.320000 -0.963833 -0.102243 1.547678 0.000593 0.107026 0.030640 0.993784
14.388000 -0.963833 -0.102243 1.547678 0.000593 0.107026 0.030640 0.993784
14.452000 -0.963833 -0.102243 1.547678 0.000593 0.107026 0.030640 0.993784
14.520000 -0.963833 -0.102243 1.547678 0.000593 0.107026 0.030640 0.993784
14.584000 -0.963833 -0.102243 1.547678 0.000593 0.107026 0.030640 0.993784
14.652000 -0.963833 -0.102243 1.547678 0.000593 0.107026 0.030640 0.993784
14.716000 -0.963833 -0.102243 1.547678 0.000593 0.107026 0.030640 0.993784
14.784000 -0.963833 -0.102243 1.547678 0.000593 0.107026 0.030640 0.993784
14.848000 -0.963833 -0.102243 1.547678 0.000593 0.107026 0.030640 0.993784
14.916000 -0.963833 -0.102243 1.547678 0.000593 0.107026 0.030640 0.993784
14.980000 -0.963833 -0.102243 1.547678 0.000593 0.107026 0.030640 0.993784
15.048000 -0.963833 -0.102243 1.547678 0.000593 0.107026 0.030640 0.993784
15.112000 -0.963833 -0.102243 1.547678 0.000593 0.107026 0.030640 0.993784
15.180000 -0.963833 -0.102243 1.547678 0.000593 0.107026 0.030640 0.993784
15.244000 -0.963833 -0.102243 1.547678 0.000593 0.107026 0.030640 0.993784
15.312000 -0.963833 -0.102243 1.547678 0.000593 0.107026 0.030640 0.993784
15.376000 -0.963833 -0.102243 1.547678 0.000593 0.107026 0.030640 0.993784
15.444000 -0.963833 -0.102243 1.547678 0.000593 0.107026 0.030640 0.993784
15.508000 -0.963833 -0.102243 1.547678 0.000593 0.107026 0.030640 0.993784
15.576000 -0.963833 -0.102243 1.547678 0.000593 0.107026 0.030640 0.993784
15.640000 -0.963833 -0.102243 1.547678 0.000593 0.107026 0.030640 0.993784
15.708000 -0.963833 -0.102243 1.547678 0.000593 0.107026 0.030640 0.993784
15.772000 -0.963833 -0.102243 1.547678 0.000593 0.107026 0.030640 0.993784
15.840000 -0.963833 -0.102243 1.547678 0.000593 0.107026 0.030640 0.993784
15.904000 -0.963833 -0.102243 1.547678 0.000593 0.107026 0.030640 0.993784
15.972000 -0.963833 -0.102243 1.547678 0.000593 0.107026 0.030640 0.993784
16.036000 -0.963833 -0.102243 1.547678 0.000593 0.107026 0.030640 0.993784
16.104000 -0.963833 -0.102243 1.547678 0.000593 0.107026 0.030640 0.993784
16.168000 -0.963833 -0.102243 1.547678 0.000593 0.107026 0.030640 0.993784
16.236000 -0.963833 -0.102243 1.547678 0.000593 0.107026 0.030640 0.993784
16.300000 -0.963833 -0.102243 1.547678 0.000593 0.107026 0.030640 0.993784
16.368000 -0.963833 -0.102243 1.547678 0.000593 0.107026 0.030640 0.993784
16.432000 -0.963833 -0.102243 1.547678 0.000593 0.107026 0.030640 0.993784
16.500000 -0.963833 -0.102243 1.547678 0.000593 0.107026 0.030640 0.993784
16.564000 -0.963833 -0.102243 1.547678 0.000593 0.107026 0.030640 0.993784
16.632000 -0.963833 -0.102243 1.547678 0.000593 0.107026 0.030640 0.993784
16.696000 -0.963833 -0.102243 1.547678 0.000593 0.107026 0.030640 0.993784
16.764000 -0.963833 -0.102243 1.547678 0.000593 0.107026 0.030640 0.993784
16.828000 -0.963833 -0.102243 1.547678 0.000593 0.107026 0.030640 0.993784
16.896000 -0.963833 -0.102243 1.547678 0.000593 0.107026 0.030640 0.993784
16.960000 -0.963833 -0.102243 1.547678 0.000593 0.107026 0.030640 0.993784
17.028000 -0.963833 -0.102243 1.547678 0.000593 0.107026 0.030640 0.993784
17.092000 -0.963833 -0.102243 1.547678 0.000593 0.107026 0.030640 0.993784
17.160000 -0.963833 -0.102243 1.547678 0.000593 0.107026 0.030640 0.993784
17.224000 -0.963833 -0.102243 1.547678 0.000593 0.107026 0.030640 0.993784
17.292000 -0.963833 -0.102243 1.547678 0.000593 0.107026 0.030640 0.993784
17.356000 -0.963833 -0.102243 1.547678 0.000593 0.107026 0.030640 0.993784
17.424000 -0.963833 -0.102243 1.547678 0.000593 0.107026 0.030640 0.993784
17.488000 -0.963833 -0.102243 1.547678 0.000593 0.107026 0.030640 0.993784
17.556000 -0.963833 -0.102243 1.547678 0.000593 0.107026 0.030640 0.993784
17.620000 -0.963833 -0.102243 1.547678 0.000593 0.107026 0.030640 0.993784
17.688000 -0.963833 -0.102243 1.547678 0.000593 0.107026 0.030640 0.993784
17.752000 -0.963833 -0.102243 1.547678 0.000593 0.107026 0.030640 0.993784
17.820000 -0.963833 -0.102243 1.547678 0.000593 0.107026 0.030640 0.993784
17.884000 -0.963833 -0.102243 1.547678 0.000593 0.107026 0.030640 0.993784
17.952000 -0.963833 -0.102243 1.547678 0.000593 0.107026 0.030640 0.993784
18.016000 -0.963833 -0.102243 1.547678 0.000593 0.107026 0.030640 0.993784
18.084000 -0.963833 -0.102243 1.547678 0.000593 0.107026 0.030640 0.993784
18.148000 -0.963833 -0.102243 1.547678 0.000593 0.107026 0.030640 0.993784
18.216000 -0.963833 -0.102243 1.547678 0.000593 0.107026 0.030640 0.993784
18.280000 -0.963833 -0.102243 1.547678 0.000593 0.107026 0.030640 0.993784
18.348000 -0.963833 -0.102243 1.547678 0.000593 0.107026 0.030640 0.993784
18.412000 -0.963833 -0.102243 1.547678 0.000593 0.107026 0.030640 0.993784
18.480000 -0.963833 -0.102243 1.547678 0.000593 0.107026 0.030640 0.993784
18.544000 -0.963833 -0.102243 1.547678 0.000593 0.107026 0.030640 0.993784
18.612000 -0.963833 -0.102243 1.547678 0.000593 0.107026 0.030640 0.993784
18.676000 -0.963833 -0.102243 1.547678 0.000593 0.107026 0.030640 0.993784
18.744000 -0.963833 -0.102243 1.547678 0.000593 0.107026 0.030640 0.993784
18.808000 -0.963833 -0.102243 1.547678 0.000593 0.107026 0.030640 0.993784
18.876000 -0.963833 -0.102243 1.547678 0.000593 0.107026 0.030640 0.993784
18.940000 -0.963833 -0.102243 1.547678 0.000593 0.107026 0.030640 0.993784
19.008000 -0.963833 -0.102243 1.547678 0.000593 0.107026 0.030640 0.993784
19.072000 -0.963833 -0.102243 1.547678 0.000593 0.107026 0.030640 0.993784
19.140000 -0.963833 -0.102243 1.547678 0.000593 0.107026 0.030640 0.993784
19.204000 -0.963833 -0.102243 1.547678 0.000593 0.107026 0.030640 0.993784
19.272000 -0.963833 -0.102243 1.547678 0.000593 0.107026 0.030640 0.993784
19.336000 -0.963833 -0.102243 1.547678 0.000593 0.107026 0.030640 0.993784
19.404000 -0.963833 -0.102243 1.547678 0.000593 0.107026 0.030640 0.993784
19.468000 -0.963833 -0.102243 1.547678 0.000593 0.107026 0.030640 0.993784
19.536000 -0.963833 -0.102243 1.547678 0.000593 0.107026 0.030640 0.993784
19.600000 -0.963833 -0.102243 1.547678 0.000593 0.107026 0.030640 0.993784
19.668000 -0.963833 -0.102243 1.547678 0.000593 0.107026 0.030640 0.993784
19.732000 -0.963833 -0.102243 1.547678 0.000593 0.107026 0.030640 0.993784
19.800000 -0.963833 -0.102243 1.547678 0.000593 0.107026 0.030640 0.993784
19.864000 -0.963833 -0.102243 1.547678 0.000593 0.107026 0.030640 0.993784
19.932000 -0.963833 -0.102243 1.547678 0.000593 0.107026 0.030640 0.993784
19.996000 -0.963833 -0.102243 1.547678 0.000593 0.107026 0.030640 0.993784
20.064000 -0.963833 -0.102243 1.547678 0.000593 0.107026 0.030640 0.993784
20.128000 -0.963833 -0.102243 1.547678 0.000593 0.107026 0.030640 0.993784
20.196000 -0.963833 -0.102243 1.547678 0.000593 0.107026 0.030640 0.993784
20.260000 -0.963833 -0.102243 1.547678 0.000593 0.107026 0.030640 0.993784
20.328000 -0.963833 -0.102243 1.547678 0.000593 0.107026 0.030640 0.993784
20.392000 -0.963833 -0.102243 1.547678 0.000593 0.107026 0.030640 0.993784
20.460000 -0.963833 -0.102243 1.547678 0.000593 0.107026 0.030640 0.993784
20.524000 -0.963833 -0.102243 1.547678 0.000593 0.107026 0.030640 0.993784
20.592000 -0.963833 -0.102243 1.547678 0.000593 0.107026 0.030640 0.993784
20.656000 -0.963833 -0.102243 1.547678 0.000593 0.107026 0.030640 0.993784
20.724000 -0.963833 -0.102243 1.547678 0.000593 0.107026 0.030640 0.993784
20.788000 -0.963833 -0.102243 1.547678 0.000593 0.107026 0.030640 0.993784
20.856000 -0.963833 -0.102243 1.547678 0.000593 0.107026 0.030640 0.993784
20.920000 -0.963833 -0.102243 1.547678 0.000593 0.107026 0.030640 0.993784
20.988000 -0.963833 -0.102243 1.547678 0.000593 0.107026 0.030640 0.993784
21.052000 -0.963833 -0.102243 1.547678 0.000593 0.107026 0.030640 0.993784
21.120000 -0.963833 -0.102243 1.547678 0.000593 0.107026 0.030640 0.993784
21.184000 -0.963833 -0.102243 1.547678 0.000593 0.107026 0.030640 0.993784
21.252000 -0.963833 -0.102243 1.547678 0.000593 0.107026 0.030640 0.993784
21.316000 -0.963833 -0.102243 1.547678 0.000593 0.107026 0.030640 0.993784
21.384000 -0.963833 -0.102243 1.547678 0.000593 0.107026 0.030640 0.993784
21.448000 -0.963833 -0.102243 1.547678 0.000593 0.107026 0.030640 0.993784
21.516000 -0.963833 -0.102243 1.547678 0.000593 0.107026 0.030640 0.993784
21.580000 -0.963833 -0.102243 1.547678 0.000593 0.107026 0.030640 0.993784
21.648000 -0.963833 -0.102243 1.547678 0.000593 0.107026 0.030640 0.993784
21.712000 -0.963833 -0.102243 1.547678 0.000593 0.107026 0.030640 0.993784
21.780000 -0.963833 -0.102243 1.547678 0.000593 0.107026 0.030640 0.993784
21.844000 -0.963833 -0.102243 1.547678 0.000593 0.107026 0.030640 0.993784
21.912000 -0.963833 -0.102243 1.547678 0.000593 0.107026 0.030640 0.993784
21.976000 -0.963833 -0.102243 1.547678 0.000593 0.107026 0.030640 0.993784
22.044000 -0.963833 -0.102243 1.547678 0.000593 0.107026 0.030640 0.993784
22.108000 -0.963833 -0.102243 1.547678 0.000593 0.107026 0.030640 0.993784
22.176000 -0.963833 -0.102243 1.547678 0.000593 0.107026 0.030640 0.993784
22.240000 -0.963833 -0.102243 1.547678 0.000593 0.107026 0.030640 0.993784
22.308000 -0.963833 -0.102243 1.547678 0.000593 0.107026 0.030640 0.993784
22.372000 -0.963833 -0.102243 1.547678 0.000593 0.107026 0.030640 0.993784
22.440000 -0.963833 -0.102243 1.547678 0.000593 0.107026 0.030640 0.993784
22.504000 -0.963833 -0.102243 1.547678 0.000593 0.107026 0.030640 0.993784
22.572000 -0.963833 -0.102243 1.547678 0.000593 0.107026 0.030640 0.993784
22.636000 -0.963833 -0.102243 1.547678 0.000593 0.107026 0.030640 0.993784
22.704000 -0.963833 -0.102243 1.547678 0.000593 0.107026 0.030640 0.993784
22.768000 -0.963833 -0.102243 1.547678 0.000593 0.107026 0.030640 0.993784
22.836000 -0.963833 -0.102243 1.547678 0.000593 0.107026 0.030640 0.993784
22.900000 -0.963833 -0.102243 1.547678 0.000593 0.107026 0.030640 0.993784
22.968000 -0.963833 -0.102243 1.547678 0.000593 0.107026 0.030640 0.993784
23.032000 -0.963833 -0.102243 1.547678 0.000593 0.107026 0.030640 0.993784
23.100000 -0.963833 -0.102243 1.547678 0.000593 0.107026 0.030640 0.993784
23.164000 -0.963833 -0.102243 1.547678 0.000593 0.107026 0.030640 0.993784
23.232000 -0.963833 -0.102243 1.547678 0.000593 0.107026 0.030640 0.993784
23.296000 -0.963833 -0.102243 1.547678 0.000593 0.107026 0.030640 0.993784
23.364000 -0.963833 -0.102243 1.547678 0.000593 0.107026 0.030640 0.993784
23.428000 -0.963833 -0.102243 1.547678 0.000593 0.107026 0.030640 0.993784
23.496000 -0.963833 -0.102243 1.547678 0.000593 0.107026 0.030640 0.993784
23.560000 -0.963833 -0.102243 1.547678 0.000593 0.107026 0.030640 0.993784
23.628000 -0.963833 -0.102243 1.547678 0.000593 0.107026 0.030640 0.993784
23.692000 -0.963833 -0.102243 1.547678 0.000593 0.107026 0.030640 0.993784
23.760000 -0.963833 -0.102243 1.547678 0.000593 0.107026 0.030640 0.993784
23.824000 -0.963833 -0.102243 1.547678 0.000593 0.107026 0.030640 0.993784
23.892000 -0.963833 -0.102243 1.547678 0.000593 0.107026 0.030640 0.993784
23.956000 -0.963833 -0.102243 1.547678 0.000593 0.107026 0.030640 0.993784
24.024000 -0.963833 -0.102243 1.547678 0.000593 0.107026 0.030640 0.993784
24.088000 -0.963833 -0.102243 1.547678 0.000593 0.107026 0.030640 0.993784
24.156000 -0.963833 -0.102243 1.547678 0.000593 0.107026 0.030640 0.993784
24.220000 -0.963833 -0.102243 1.547678 0.000593 0.107026 0.030640 0.993784
24.288000 -0.963833 -0.102243 1.547678 0.000593 0.107026 0.030640 0.993784
24.352000 -0.963833 -0.102243 1.547678 0.000593 0.107026 0.030640 0.993784
24.420000 -0.963833 -0.102243 1.547678 0.000593 0.107026 0.030640 0.993784
24.484000 -0.963833 -0.102243 1.547678 0.000593 0.107026 0.030640 0.993784
24.552000 -0.963833 -0.102243 1.547678 0.000593 0.107026 0.030640 0.993784
24.616000 -0.963833 -0.102243 1.547678 0.000593 0.107026 0.030640 0.993784
24.684000 -0.963833 -0.102243 1.547678 0.000593 0.107026 0.030640 0.993784
24.748000 -0.963833 -0.102243 1.547678 0.000593 0.107026 0.030640 0.993784
24.816000 -0.963833 -0.102243 1.547678 0.000593 0.107026 0.030640 0.993784
24.880000 -0.963833 -0.102243 1.547678 0.000593 0.107026 0.030640 0.993784
24.948000 -0.963833 -0.102243 1.547678 0.000593 0.107026 0.030640 0.993784
25.012000 -0.963833 -0.102243 1.547678 0.000593 0.107026 0.030640 0.993784
25.080000 -0.963833 -0.102243 1.547678 0.000593 0.107026 0.030640 0.993784
25.144000 -1.378285 -0.374387 2.416107 0.000579 0.105993 0.030285 0.993905
25.212000 -1.378285 -0.374387 2.416107 0.000579 0.105993 0.030285 0.993905
25.276000 -1.378285 -0.374387 2.416107 0.000579 0.105993 0.030285 0.993905
25.344000 -1.378285 -0.374387 2.416107 0.000579 0.105993 0.030285 0.993905
25.408000 -1.378285 -0.374387 2.416107 0.000579 0.105993 0.030285 0.993905
25.476000 -1.580707 -0.048530 1.492612 0.001192 0.103472 0.029175 0.994204
25.540000 -1.580707 -0.048530 1.492612 0.001192 0.103472 0.029175 0.994204
25.608000 -1.169971 -0.363289 2.348312 0.001182 0.101128 0.028447 0.994466
25.672000 -1.169971 -0.363289 2.348312 0.001182 0.101128 0.028447 0.994466
25.740000 -1.169971 -0.363289 2.348312 0.001182 0.101128 0.028447 0.994466
25.804000 -1.608159 -0.075680 1.496683 0.001182 0.098182 0.027607 0.994785
25.872000 -1.608159 -0.075680 1.496683 0.001182 0.098182 0.027607 0.994785
25.936000 -1.608159 -0.075680 1.496683 0.001182 0.098182 0.027607 0.994785
26.004000 -1.608159 -0.075680 1.496683 0.001182 0.098182 0.027607 0.994785
26.068000 -1.608159 -0.075680 1.496683 0.001182 0.098182 0.027607 0.994785
26.136000 -1.608159 -0.075680 1.496683 0.001182 0.098182 0.027607 0.994785
26.200000 -1.311866 0.239863 0.595216 0.001181 0.095020 0.026607 0.995119
26.268000 -1.311866 0.239863 0.595216 0.001181 0.095020 0.026607 0.995119
26.332000 -1.311866 0.239863 0.595216 0.001181 0.095020 0.026607 0.995119
26.400000 -1.311866 0.239863 0.595216 0.001181 0.095020 0.026607 0.995119
26.464000 -1.311866 0.239863 0.595216 0.001181 0.095020 0.026607 0.995119
26.532000 -0.979200 -0.032296 1.498135 0.001190 0.091743 0.025565 0.995454
26.596000 -0.979200 -0.032296 1.498135 0.001190 0.091743 0.025565 0.995454
26.664000 -0.979200 -0.032296 1.498135 0.001190 0.091743 0.025565 0.995454
26.728000 -0.979200 -0.032296 1.498135 0.001190 0.091743 0.025565 0.995454
26.796000 -0.979200 -0.032296 1.498135 0.001190 0.091743 0.025565 0.995454
26.860000 -0.979200 -0.032296 1.498135 0.001190 0.091743 0.025565 0.995454
26.928000 -0.979200 -0.032296 1.498135 0.001190 0.091743 0.025565 0.995454
26.992000 -0.979200 -0.032296 1.498135 0.001190 0.091743 0.025565 0.995454
27.060000 -0.979200 -0.032296 1.498135 0.001190 0.091743 0.025565 0.995454
27.124000 -0.979200 -0.032296 1.498135 0.001190 0.091743 0.025565 0.995454
27.192000 -0.979200 -0.032296 1.498135 0.001190 0.091743 0.025565 0.995454
27.256000 -1.215788 0.316592 0.591326 0.001160 0.088273 0.024390 0.995797
27.324000 -1.215788 0.316592 0.591326 0.001160 0.088273 0.024390 0.995797
27.388000 -1.215788 0.316592 0.591326 0.001160 0.088273 0.024390 0.995797
27.456000 -1.215788 0.316592 0.591326 0.001160 0.088273 0.024390 0.995797
27.520000 -1.215788 0.316592 0.591326 0.001160 0.088273 0.024390 0.995797
27.588000 -1.922951 0.607923 -0.052915 0.001136 0.085026 0.023151 0.996109
27.652000 -2.293666 0.323509 0.831211 0.001122 0.081314 0.021968 0.996446
27.720000 -2.650817 0.062385 1.728015 0.001113 0.077964 0.020921 0.996736
27.784000 -2.650817 0.062385 1.728015 0.001113 0.077964 0.020921 0.996736
27.852000 -2.650817 0.062385 1.728015 0.001113 0.077964 0.020921 0.996736
27.916000 -3.121276 -0.257193 2.550534 0.001098 0.074389 0.019752 0.997033
27.984000 -3.121276 -0.257193 2.550534 0.001098 0.074389 0.019752 0.997033
28.048000 -3.121276 -0.257193 2.550534 0.001098 0.074389 0.019752 0.997033
28.116000 -3.514077 -0.487187 3.440933 0.001114 0.071022 0.018876 0.997296
28.180000 -3.514077 -0.487187 3.440933 0.001114 0.071022 0.018876 0.997296
28.248000 -3.381322 -0.824794 4.372812 0.001160 0.067577 0.017762 0.997555
28.312000 -3.698852 -1.069731 5.288880 0.001203 0.063873 0.016696 0.997818
28.380000 -3.698852 -1.069731 5.288880 0.001203 0.063873 0.016696 0.997818
28.444000 -3.698852 -1.069731 5.288880 0.001203 0.063873 0.016696 0.997818
28.512000 -3.698852 -1.069731 5.288880 0.001203 0.063873 0.016696 0.997818
28.576000 -3.698852 -1.069731 5.288880 0.001203 0.063873 0.016696 0.997818
28.644000 -4.162655 -1.375875 6.120242 0.001177 0.060706 0.015559 0.998034
28.708000 -4.162655 -1.375875 6.120242 0.001177 0.060706 0.015559 0.998034
28.776000 -4.162655 -1.375875 6.120242 0.001177 0.060706 0.015559 0.998034
28.840000 -3.809431 -1.112325 5.222593 0.001278 0.057422 0.014526 0.998243
28.908000 -3.374442 -0.895323 4.348696 0.001274 0.054072 0.013462 0.998445
28.972000 -2.885344 -0.643478 3.513617 0.001347 0.050488 0.012456 0.998646
29.040000 -2.885344 -0.643478 3.513617 0.001347 0.050488 0.012456 0.998646
29.104000 -2.885344 -0.643478 3.513617 0.001347 0.050488 0.012456 0.998646
29.172000 -2.885344 -0.643478 3.513617 0.001347 0.050488 0.012456 0.998646
29.236000 -2.885344 -0.643478 3.513617 0.001347 0.050488 0.012456 0.998646
29.304000 -2.885344 -0.643478 3.513617 0.001347 0.050488 0.012456 0.998646
29.368000 -2.885344 -0.643478 3.513617 0.001347 0.050488 0.012456 0.998646
29.436000 -2.885344 -0.643478 3.513617 0.001347 0.050488 0.012456 0.998646
29.500000 -2.885344 -0.643478 3.513617 0.001347 0.050488 0.012456 0.998646
29.568000 -2.885344 -0.643478 3.513617 0.001347 0.050488 0.012456 0.998646
29.632000 -2.885344 -0.643478 3.513617 0.001347 0.050488 0.012456 0.998646
29.700000 -2.885344 -0.643478 3.513617 0.001347 0.050488 0.012456 0.998646
29.764000 -2.885344 -0.643478 3.513617 0.001347 0.050488 0.012456 0.998646
29.832000 -2.885344 -0.643478 3.513617 0.001347 0.050488 0.012456 0.998646
29.896000 -2.885344 -0.643478 3.513617 0.001347 0.050488 0.012456 0.998646
29.964000 -2.885344 -0.643478 3.513617 0.001347 0.050488 0.012456 0.998646
30.028000 -2.885344 -0.643478 3.513617 0.001347 0.050488 0.012456 0.998646
30.096000 -2.885344 -0.643478 3.513617 0.001347 0.050488 0.012456 0.998646
30.160000 -2.885344 -0.643478 3.513617 0.001347 0.050488 0.012456 0.998646
30.228000 -2.885344 -0.643478 3.513617 0.001347 0.050488 0.012456 0.998646
30.292000 -3.162660 -0.877606 4.445432 0.001459 0.046913 0.011465 0.998832
30.360000 -3.162660 -0.877606 4.445432 0.001459 0.046913 0.011465 0.998832
30.424000 -3.162660 -0.877606 4.445432 0.001459 0.046913 0.011465 0.998832
30.492000 -3.162660 -0.877606 4.445432 0.001459 0.046913 0.011465 0.998832
30.556000 -3.162660 -0.877606 4.445432 0.001459 0.046913 0.011465 0.998832
30.624000 -3.162660 -0.877606 4.445432 0.001459 0.046913 0.011465 0.998832
30.688000 -3.162660 -0.877606 4.445432 0.001459 0.046913 0.011465 0.998832
30.756000 -2.922882 -1.221532 5.353299 0.000814 0.044893 0.010892 0.998932
30.820000 -2.922882 -1.221532 5.353299 0.000814 0.044893 0.010892 0.998932
30.888000 -1.931622 -1.273783 5.232166 0.000437 0.045427 0.011023 0.998907
30.952000 -2.332280 -1.585353 6.093791 -0.000149 0.044029 0.010529 0.998975
31.020000 -2.258278 -1.842359 7.057363 -0.000376 0.042528 0.010551 0.999039
31.084000 -2.258278 -1.842359 7.057363 -0.000376 0.042528 0.010551 0.999039
31.152000 -2.258278 -1.842359 7.057363 -0.000376 0.042528 0.010551 0.999039
31.216000 -2.258278 -1.842359 7.057363 -0.000376 0.042528 0.010551 0.999039
31.284000 -2.258278 -1.842359 7.057363 -0.000376 0.042528 0.010551 0.999039
31.348000 -2.258278 -1.842359 7.057363 -0.000376 0.042528 0.010551 0.999039
31.416000 -2.258278 -1.842359 7.057363 -0.000376 0.042528 0.010551 0.999039
31.480000 -2.258278 -1.842359 7.057363 -0.000376 0.042528 0.010551 0.999039
31.548000 -2.258278 -1.842359 7.057363 -0.000376 0.042528 0.010551 0.999039
31.612000 -2.258278 -1.842359 7.057363 -0.000376 0.042528 0.010551 0.999039
31.680000 -2.258278 -1.842359 7.057363 -0.000376 0.042528 0.010551 0.999039
31.744000 -2.210042 -0.912815 7.422907 0.012872 0.041255 0.010550 0.999010
31.812000 -2.210042 -0.912815 7.422907 0.012872 0.041255 0.010550 0.999010
31.876000 -1.213668 -0.890675 7.340750 0.012872 0.041255 0.010550 0.999010
31.944000 -1.213668 -0.890675 7.340750 0.012872 0.041255 0.010550 0.999010
32.008000 -1.213668 -0.890675 7.340750 0.012872 0.041255 0.010550 0.999010
32.076000 -1.213668 -0.890675 7.340750 0.012872 0.041255 0.010550 0.999010
32.140000 -1.213668 -0.890675 7.340750 0.012872 0.041255 0.010550 0.999010
32.208000 -1.213668 -0.890675 7.340750 0.012872 0.041255 0.010550 0.999010
32.272000 -1.213668 -0.890675 7.340750 0.012872 0.041255 0.010550 0.999010
32.340000 -1.213668 -0.890675 7.340750 0.012872 0.041255 0.010550 0.999010
32.404000 -1.213668 -0.890675 7.340750 0.012872 0.041255 0.010550 0.999010
32.472000 -1.213668 -0.890675 7.340750 0.012872 0.041255 0.010550 0.999010
32.536000 -1.213668 -0.890675 7.340750 0.012872 0.041255 0.010550 0.999010
32.604000 -1.213668 -0.890675 7.340750 0.012872 0.041255 0.010550 0.999010
32.668000 -1.213668 -0.890675 7.340750 0.012872 0.041255 0.010550 0.999010
32.736000 -1.213668 -0.890675 7.340750 0.012872 0.041255 0.010550 0.999010
32.800000 -1.542384 -1.185313 8.238043 0.012888 0.041375 0.010562 0.999005
32.868000 -0.607967 -1.288688 8.578892 0.012893 0.041267 0.010524 0.999010
32.932000 -0.669454 -0.986634 7.627586 0.012931 0.041266 0.010279 0.999012
33.000000 -0.669454 -0.986634 7.627586 0.012931 0.041266 0.010279 0.999012
33.064000 -0.669454 -0.986634 7.627586 0.012931 0.041266 0.010279 0.999012
33.132000 -0.669454 -0.986634 7.627586 0.012931 0.041266 0.010279 0.999012
33.196000 0.279809 -0.892078 7.327653 0.012931 0.041266 0.010279 0.999012
33.264000 0.279809 -0.892078 7.327653 0.012931 0.041266 0.010279 0.999012
33.328000 0.279809 -0.892078 7.327653 0.012931 0.041266 0.010279 0.999012
33.396000 0.279809 -0.892078 7.327653 0.012931 0.041266 0.010279 0.999012
33.460000 0.279809 -0.892078 7.327653 0.012931 0.041266 0.010279 0.999012
33.528000 0.279809 -0.892078 7.327653 0.012931 0.041266 0.010279 0.999012
33.592000 0.279809 -0.892078 7.327653 0.012931 0.041266 0.010279 0.999012
33.660000 0.279809 -0.892078 7.327653 0.012931 0.041266 0.010279 0.999012
33.724000 0.279809 -0.892078 7.327653 0.012931 0.041266 0.010279 0.999012
33.792000 0.281212 -0.575496 6.379088 0.012931 0.041266 0.010279 0.999012
33.856000 0.281212 -0.575496 6.379088 0.012931 0.041266 0.010279 0.999012
33.924000 0.281212 -0.575496 6.379088 0.012931 0.041266 0.010279 0.999012
33.988000 0.281212 -0.575496 6.379088 0.012931 0.041266 0.010279 0.999012
34.056000 0.281212 -0.575496 6.379088 0.012931 0.041266 0.010279 0.999012
34.120000 0.281212 -0.575496 6.379088 0.012931 0.041266 0.010279 0.999012
34.188000 0.281212 -0.575496 6.379088 0.012931 0.041266 0.010279 0.999012
34.252000 0.281212 -0.575496 6.379088 0.012931 0.041266 0.010279 0.999012
34.320000 0.281212 -0.575496 6.379088 0.012931 0.041266 0.010279 0.999012
34.384000 0.281212 -0.575496 6.379088 0.012931 0.041266 0.010279 0.999012
34.452000 0.281212 -0.575496 6.379088 0.012931 0.041266 0.010279 0.999012
34.516000 0.281212 -0.575496 6.379088 0.012931 0.041266 0.010279 0.999012
34.584000 0.281212 -0.575496 6.379088 0.012931 0.041266 0.010279 0.999012
34.648000 0.281212 -0.575496 6.379088 0.012931 0.041266 0.010279 0.999012
