0.000000000000000000e+00 -0.000000000000000000e+00 -0.000000000000000000e+00 -0.000000000000000000e+00 -0.000000000000000000e+00 -0.000000000000000000e+00 -0.000000000000000000e+00 1.000000000000000000e+00
1.000000000000000000e+00 1.338507398031651974e-03 -3.791203955188393593e-03 1.477791462093591690e-02 1.530795998405665159e-04 4.883768502622842789e-03 1.897390815429389477e-03 9.999862909317016602e-01
2.000000000000000000e+00 5.604333127848803997e-04 -7.822815328836441040e-03 3.216339275240898132e-02 -3.333503380417823792e-03 9.100316092371940613e-03 3.476147539913654327e-03 9.999470114707946777e-01
3.000000000000000000e+00 -8.423923864029347897e-04 -1.215600594878196716e-02 4.937033727765083313e-02 -6.231537554413080215e-03 1.265909243375062943e-02 5.010735709220170975e-03 9.998879432678222656e-01
4.000000000000000000e+00 -1.976992236450314522e-03 -1.635416597127914429e-02 6.512284278869628906e-02 -5.960991606116294861e-03 1.571634970605373383e-02 6.517810747027397156e-03 9.998375177383422852e-01
5.000000000000000000e+00 3.018081188201904297e-03 -2.099631167948246002e-02 7.761765271425247192e-02 -4.439531359821557999e-03 1.807853206992149353e-02 7.679648231714963913e-03 9.997972249984741211e-01
6.000000000000000000e+00 7.174412719905376434e-03 -2.538979984819889069e-02 8.934856206178665161e-02 -4.290132783353328705e-03 2.016401477158069611e-02 8.723462000489234924e-03 9.997494220733642578e-01
7.000000000000000000e+00 1.110057905316352844e-02 -2.980590984225273132e-02 1.022815778851509094e-01 -5.938046611845493317e-03 2.198864333331584930e-02 9.710881859064102173e-03 9.996934533119201660e-01
8.000000000000000000e+00 1.374135445803403854e-02 -3.358219563961029053e-02 1.177480220794677734e-01 -7.337357383221387863e-03 2.384290285408496857e-02 1.051922142505645752e-02 9.996334910392761230e-01
9.000000000000000000e+00 -5.193156190216541290e-03 -3.847029432654380798e-02 1.482105106115341187e-01 -7.127223536372184753e-03 2.708098478615283966e-02 1.174855325371026993e-02 9.995387792587280273e-01
1.000000000000000000e+01 -5.217099678702652454e-04 -4.239789396524429321e-02 1.614948213100433350e-01 -6.185871548950672150e-03 2.855257876217365265e-02 1.229273434728384018e-02 9.994975924491882324e-01
1.100000000000000000e+01 4.444039892405271530e-03 -4.677676782011985779e-02 1.767439395189285278e-01 -5.791306495666503906e-03 2.986138500273227692e-02 1.278579421341419220e-02 9.994555115699768066e-01
1.200000000000000000e+01 9.174657054245471954e-03 -5.014812201261520386e-02 1.903796643018722534e-01 -6.044627632945775986e-03 3.118737041950225830e-02 1.325152534991502762e-02 9.994074702262878418e-01
1.300000000000000000e+01 1.414137799292802811e-02 -5.408863350749015808e-02 2.063627392053604126e-01 -6.232505664229393005e-03 3.237295150756835938e-02 1.357856113463640213e-02 9.993641972541809082e-01
1.400000000000000000e+01 1.764489524066448212e-02 -5.774865671992301941e-02 2.191003710031509399e-01 -6.047463975846767426e-03 3.356697037816047668e-02 1.390792708843946457e-02 9.993214607238769531e-01
1.500000000000000000e+01 2.070781402289867401e-02 -6.171486899256706238e-02 2.342469096183776855e-01 -5.169224459677934647e-03 3.487074375152587891e-02 1.379539445042610168e-02 9.992832541465759277e-01
1.600000000000000000e+01 2.284116484224796295e-02 -6.544600427150726318e-02 2.507224082946777344e-01 -4.384672734886407852e-03 3.622506186366081238e-02 1.380247157067060471e-02 9.992387294769287109e-01
1.700000000000000000e+01 -5.053107626736164093e-03 -7.361356914043426514e-02 2.807858288288116455e-01 -4.000972956418991089e-03 3.969253227114677429e-02 1.434924174100160599e-02 9.991009235382080078e-01
1.800000000000000000e+01 -3.152868885081261396e-04 -7.744525372982025146e-02 2.950994372367858887e-01 -3.652091603726148605e-03 4.076527431607246399e-02 1.414377056062221527e-02 9.990620017051696777e-01
1.900000000000000000e+01 3.445430658757686615e-03 -8.139394223690032959e-02 3.103875815868377686e-01 -3.213417483493685722e-03 4.185745492577552795e-02 1.387625001370906830e-02 9.990221261978149414e-01
2.000000000000000000e+01 7.238751742988824844e-03 -8.546505868434906006e-02 3.242886364459991455e-01 -2.438309602439403534e-03 4.295410215854644775e-02 1.344745140522718430e-02 9.989835619926452637e-01
2.100000000000000000e+01 7.100041490048170090e-03 -8.996090292930603027e-02 3.410140872001647949e-01 -1.625838340260088444e-03 4.422587528824806213e-02 1.323905214667320251e-02 9.989325404167175293e-01
2.200000000000000000e+01 6.404484622180461884e-03 -9.224940836429595947e-02 3.518259525299072266e-01 -1.466850168071687222e-03 4.460078105330467224e-02 1.263363286852836609e-02 9.989239573478698730e-01
2.300000000000000000e+01 -2.063732361420989037e-03 -9.914769977331161499e-02 3.784950077533721924e-01 -3.780345432460308075e-03 3.831722587347030640e-02 1.030564960092306137e-02 9.992053508758544922e-01
2.400000000000000000e+01 -1.982419751584529877e-03 -1.026317477226257324e-01 3.929431438446044922e-01 -4.410859663039445877e-03 2.408102713525295258e-02 5.940265022218227386e-03 9.996826648712158203e-01
2.500000000000000000e+01 -3.325315890833735466e-03 -1.067514643073081970e-01 4.088747501373291016e-01 -2.250103279948234558e-03 3.812303068116307259e-03 -2.952145296148955822e-04 9.999901652336120605e-01
2.600000000000000000e+01 -5.073997657746076584e-03 -1.107194125652313232e-01 4.243656694889068604e-01 -6.654323078691959381e-05 -2.038609795272350311e-02 -7.349800784140825272e-03 9.997651576995849609e-01
2.700000000000000000e+01 -5.761054810136556625e-03 -1.139664873480796814e-01 4.374187290668487549e-01 7.667037607461679727e-06 -4.786021634936332703e-02 -1.506721973419189453e-02 9.987404346466064453e-01
2.800000000000000000e+01 -7.666802965104579926e-03 -1.175262704491615295e-01 4.521650671958923340e-01 -1.470318762585520744e-03 -7.766725122928619385e-02 -2.340185455977916718e-02 9.967035651206970215e-01
2.900000000000000000e+01 -9.431301616132259369e-03 -1.209513843059539795e-01 4.663586914539337158e-01 -2.460503950715065002e-03 -1.092788949608802795e-01 -3.217559307813644409e-02 9.934871792793273926e-01
3.000000000000000000e+01 -1.166861131787300110e-02 -1.245529577136039734e-01 4.804913401603698730e-01 -2.168210688978433609e-03 -1.430847644805908203e-01 -4.109814763069152832e-02 9.888544082641601562e-01
3.100000000000000000e+01 -1.424881629645824432e-02 -1.280784308910369873e-01 4.942210912704467773e-01 -1.608614227734506130e-03 -1.770854145288467407e-01 -4.979506507515907288e-02 9.829337596893310547e-01
3.200000000000000000e+01 -1.746201142668724060e-02 -1.315033435821533203e-01 5.080142021179199219e-01 -1.916456734761595726e-03 -2.117351293563842773e-01 -5.863841623067855835e-02 9.755645394325256348e-01
3.300000000000000000e+01 -2.121875993907451630e-02 -1.347966790199279785e-01 5.222991704940795898e-01 -3.095026360824704170e-03 -2.477494925260543823e-01 -6.783857941627502441e-02 9.664412140846252441e-01
3.400000000000000000e+01 -2.534673735499382019e-02 -1.378918290138244629e-01 5.357537269592285156e-01 -3.986522555351257324e-03 -2.832142114639282227e-01 -7.670511305332183838e-02 9.559760689735412598e-01
3.500000000000000000e+01 -3.045860677957534790e-02 -1.410182416439056396e-01 5.491966009140014648e-01 -4.211602266877889633e-03 -3.188346922397613525e-01 -8.523169159889221191e-02 9.439609646797180176e-01
3.600000000000000000e+01 -3.615058958530426025e-02 -1.441912651062011719e-01 5.621229410171508789e-01 -4.079221747815608978e-03 -3.544802963733673096e-01 -9.346457570791244507e-02 9.303717017173767090e-01
3.700000000000000000e+01 -4.272528737783432007e-02 -1.471199393272399902e-01 5.749905705451965332e-01 -4.209126345813274384e-03 -3.899417519569396973e-01 -1.016171872615814209e-01 9.152058362960815430e-01
3.800000000000000000e+01 -5.014365166425704956e-02 -1.501625925302505493e-01 5.875710248947143555e-01 -4.537056665867567062e-03 -4.259250164031982422e-01 -1.099706366658210754e-01 8.980388641357421875e-01
3.900000000000000000e+01 -5.742695927619934082e-02 -1.529484838247299194e-01 5.989066362380981445e-01 -4.680057987570762634e-03 -4.605897665023803711e-01 -1.180565804243087769e-01 8.797146677970886230e-01
4.000000000000000000e+01 -6.641121208667755127e-02 -1.561149954795837402e-01 6.100278496742248535e-01 -4.302014131098985672e-03 -4.947265088558197021e-01 -1.259052157402038574e-01 8.598692417144775391e-01
4.100000000000000000e+01 -7.719638943672180176e-02 -1.592727899551391602e-01 6.210969090461730957e-01 -3.045139601454138756e-03 -5.279659628868103027e-01 -1.332812756299972534e-01 8.387364745140075684e-01
4.200000000000000000e+01 -8.902668952941894531e-02 -1.623852252960205078e-01 6.317100524902343750e-01 -3.172288998030126095e-04 -5.541630387306213379e-01 -1.377482414245605469e-01 8.209315538406372070e-01
4.300000000000000000e+01 -1.010883748531341553e-01 -1.658204793930053711e-01 6.417892575263977051e-01 6.890435470268130302e-04 -5.749805569648742676e-01 -1.425814181566238403e-01 8.056472539901733398e-01
4.400000000000000000e+01 -1.150538027286529541e-01 -1.688917875289916992e-01 6.517776250839233398e-01 -4.857676685787737370e-04 -5.917245149612426758e-01 -1.482376307249069214e-01 7.923935651779174805e-01
4.500000000000000000e+01 -1.301705837249755859e-01 -1.715898662805557251e-01 6.616335511207580566e-01 -1.465446199290454388e-03 -6.059452295303344727e-01 -1.535692363977432251e-01 7.805413603782653809e-01
4.600000000000000000e+01 -1.462748050689697266e-01 -1.744584888219833374e-01 6.705015301704406738e-01 -7.695400854572653770e-04 -6.179377436637878418e-01 -1.574099361896514893e-01 7.703080177307128906e-01
4.700000000000000000e+01 -1.627511382102966309e-01 -1.774654388427734375e-01 6.787054538726806641e-01 5.160399014130234718e-04 -6.284369826316833496e-01 -1.603693515062332153e-01 7.611494660377502441e-01
4.800000000000000000e+01 -1.800327003002166748e-01 -1.796902418136596680e-01 6.865974068641662598e-01 1.032454892992973328e-03 -6.375786662101745605e-01 -1.636500507593154907e-01 7.528021931648254395e-01
4.900000000000000000e+01 -1.960632801055908203e-01 -1.818901002407073975e-01 6.929234862327575684e-01 4.556294297799468040e-04 -6.452203989028930664e-01 -1.679521352052688599e-01 7.453070878982543945e-01
5.000000000000000000e+01 -2.144082486629486084e-01 -1.836760193109512329e-01 6.998145580291748047e-01 -5.339190829545259476e-04 -6.521317362785339355e-01 -1.721468865871429443e-01 7.383016943931579590e-01
5.100000000000000000e+01 -2.313185930252075195e-01 -1.853584498167037964e-01 7.055794596672058105e-01 -9.938200237229466438e-04 -6.583422422409057617e-01 -1.753691434860229492e-01 7.320042848587036133e-01
5.200000000000000000e+01 -2.467203438282012939e-01 -1.865427196025848389e-01 7.104922533035278320e-01 -8.353918674401938915e-04 -6.640805006027221680e-01 -1.778549849987030029e-01 7.261983752250671387e-01
5.300000000000000000e+01 -2.647314965724945068e-01 -1.875140666961669922e-01 7.154984474182128906e-01 -1.042554504238069057e-03 -6.694888472557067871e-01 -1.800277233123779297e-01 7.206758856773376465e-01
5.400000000000000000e+01 -2.842150926589965820e-01 -1.883052140474319458e-01 7.198309898376464844e-01 -1.694494159892201424e-03 -6.742290854454040527e-01 -1.820518374443054199e-01 7.157299518585205078e-01
5.500000000000000000e+01 -3.019764423370361328e-01 -1.888717561960220337e-01 7.242027521133422852e-01 -2.324480563402175903e-03 -6.786578297615051270e-01 -1.837237328290939331e-01 7.111004590988159180e-01
5.600000000000000000e+01 -3.199173212051391602e-01 -1.893173307180404663e-01 7.282755374908447266e-01 -2.517798915505409241e-03 -6.830311417579650879e-01 -1.846097409725189209e-01 7.066692709922790527e-01
5.700000000000000000e+01 -3.389181196689605713e-01 -1.900693476200103760e-01 7.311807274818420410e-01 -2.442235127091407776e-03 -6.870813369750976562e-01 -1.847040057182312012e-01 7.027074694633483887e-01
5.800000000000000000e+01 -3.548119068145751953e-01 -1.900492906570434570e-01 7.346734404563903809e-01 -2.330898074433207512e-03 -6.911944746971130371e-01 -1.842126250267028809e-01 6.987922191619873047e-01
5.900000000000000000e+01 -3.734399378299713135e-01 -1.905581653118133545e-01 7.372808456420898438e-01 -2.190621802583336830e-03 -6.947712898254394531e-01 -1.837230175733566284e-01 6.953660249710083008e-01
6.000000000000000000e+01 -3.901930749416351318e-01 -1.911363899707794189e-01 7.398104667663574219e-01 -2.064974280074238777e-03 -6.981202960014343262e-01 -1.831590086221694946e-01 6.921535730361938477e-01
6.100000000000000000e+01 -4.095133543014526367e-01 -1.918748617172241211e-01 7.423201203346252441e-01 -1.603482407517731190e-03 -7.012980580329895020e-01 -1.825390458106994629e-01 6.890994310379028320e-01
6.200000000000000000e+01 -4.272604286670684814e-01 -1.927393674850463867e-01 7.428755164146423340e-01 -1.148682553321123123e-03 -7.041422128677368164e-01 -1.818838566541671753e-01 6.863677501678466797e-01
6.300000000000000000e+01 -4.442495107650756836e-01 -1.936405599117279053e-01 7.454175353050231934e-01 -6.135008879937231541e-04 -7.067560553550720215e-01 -1.815419495105743408e-01 6.837675571441650391e-01
6.400000000000000000e+01 -4.618332982063293457e-01 -1.945384740829467773e-01 7.469232082366943359e-01 -8.860009256750345230e-04 -7.078120708465576172e-01 -1.817183047533035278e-01 6.826271414756774902e-01
6.500000000000000000e+01 -4.792681634426116943e-01 -1.954022198915481567e-01 7.489798069000244141e-01 -2.574705285951495171e-03 -7.027057409286499023e-01 -1.822519600391387939e-01 6.877371072769165039e-01
6.600000000000000000e+01 -4.926179349422454834e-01 -1.965890526771545410e-01 7.504130601882934570e-01 -2.810772741213440895e-03 -6.928591728210449219e-01 -1.805127263069152832e-01 6.981071233749389648e-01
6.700000000000000000e+01 -5.095994472503662109e-01 -1.977018713951110840e-01 7.525415420532226562e-01 -1.613687607459723949e-03 -6.793955564498901367e-01 -1.761532723903656006e-01 7.123125195503234863e-01
6.800000000000000000e+01 -5.234510898590087891e-01 -1.990213692188262939e-01 7.546867728233337402e-01 -6.362081621773540974e-04 -6.622801423072814941e-01 -1.716060489416122437e-01 7.293393611907958984e-01
6.900000000000000000e+01 -5.377032756805419922e-01 -1.998544484376907349e-01 7.572268247604370117e-01 -1.025854027830064297e-03 -6.419494748115539551e-01 -1.679055690765380859e-01 7.481361627578735352e-01
7.000000000000000000e+01 -5.532725453376770020e-01 -2.005572170019149780e-01 7.606398463249206543e-01 -2.237887354567646980e-03 -6.185449361801147461e-01 -1.642351150512695312e-01 7.683905363082885742e-01
7.100000000000000000e+01 -5.684832930564880371e-01 -2.011725753545761108e-01 7.633138895034790039e-01 -2.764331875368952751e-03 -5.937882065773010254e-01 -1.594624817371368408e-01 7.886569499969482422e-01
7.200000000000000000e+01 -5.833167433738708496e-01 -2.022271305322647095e-01 7.664995193481445312e-01 -2.208465710282325745e-03 -5.675463080406188965e-01 -1.533794999122619629e-01 8.089258670806884766e-01
7.300000000000000000e+01 -5.985349416732788086e-01 -2.029133290052413940e-01 7.699300050735473633e-01 -1.346915611065924168e-03 -5.391163825988769531e-01 -1.464055329561233521e-01 8.294077515602111816e-01
7.400000000000000000e+01 -6.121245622634887695e-01 -2.029081583023071289e-01 7.735728025436401367e-01 -1.143223606050014496e-03 -5.099474191665649414e-01 -1.393408179283142090e-01 8.488442301750183105e-01
7.500000000000000000e+01 -6.245167255401611328e-01 -2.037622928619384766e-01 7.778886556625366211e-01 -1.567599130794405937e-03 -4.795290529727935791e-01 -1.318730264902114868e-01 8.675592541694641113e-01
7.600000000000000000e+01 -6.384084820747375488e-01 -2.045108675956726074e-01 7.827185988426208496e-01 -1.711015473119914532e-03 -4.480657577514648438e-01 -1.234585344791412354e-01 8.854333162307739258e-01
7.700000000000000000e+01 -6.521626710891723633e-01 -2.056054323911666870e-01 7.873507738113403320e-01 -1.403013942763209343e-03 -4.156242609024047852e-01 -1.139758080244064331e-01 9.023658037185668945e-01
7.800000000000000000e+01 -6.655790805816650391e-01 -2.072885334491729736e-01 7.930990457534790039e-01 -1.084713265299797058e-03 -3.814745843410491943e-01 -1.036526486277580261e-01 9.185489416122436523e-01
7.900000000000000000e+01 -6.782538294792175293e-01 -2.091844677925109863e-01 7.996730804443359375e-01 -1.267960877157747746e-03 -3.471355438232421875e-01 -9.333636611700057983e-02 9.331579208374023438e-01
8.000000000000000000e+01 -6.891941428184509277e-01 -2.112061977386474609e-01 8.061369657516479492e-01 -1.939215930178761482e-03 -3.119400143623352051e-01 -8.273243904113769531e-02 9.464909434318542480e-01
8.100000000000000000e+01 -6.997973918914794922e-01 -2.138021290302276611e-01 8.130605220794677734e-01 -2.777360379695892334e-03 -2.751222252845764160e-01 -7.152628153562545776e-02 9.587408900260925293e-01
8.200000000000000000e+01 -7.097863554954528809e-01 -2.168023735284805298e-01 8.217070102691650391e-01 -3.346807789057493210e-03 -2.383777201175689697e-01 -6.055432930588722229e-02 9.692770838737487793e-01
8.300000000000000000e+01 -7.196725606918334961e-01 -2.202067524194717407e-01 8.322014808654785156e-01 -3.867414779961109161e-03 -2.009529173374176025e-01 -4.961270466446876526e-02 9.783361554145812988e-01
8.400000000000000000e+01 -7.276833653450012207e-01 -2.238153815269470215e-01 8.436363339424133301e-01 -4.542553331702947617e-03 -1.630226075649261475e-01 -3.874839842319488525e-02 9.858507513999938965e-01
8.500000000000000000e+01 -7.351144552230834961e-01 -2.276785969734191895e-01 8.550753593444824219e-01 -5.400910973548889160e-03 -1.234630197286605835e-01 -2.794130146503448486e-02 9.919410347938537598e-01
8.600000000000000000e+01 -7.413811087608337402e-01 -2.315453141927719116e-01 8.671686649322509766e-01 -6.065293215215206146e-03 -8.444695919752120972e-02 -1.756418123841285706e-02 9.962547421455383301e-01
8.700000000000000000e+01 -7.469896674156188965e-01 -2.355636209249496460e-01 8.794253468513488770e-01 -5.577727220952510834e-03 -4.681183397769927979e-02 -7.811408024281263351e-03 9.988576173782348633e-01
8.800000000000000000e+01 -7.504698038101196289e-01 -2.404062598943710327e-01 8.943561315536499023e-01 -3.071498125791549683e-03 -1.606699451804161072e-02 -2.582382294349372387e-04 9.998661875724792480e-01
8.900000000000000000e+01 -7.575823068618774414e-01 -2.446377575397491455e-01 9.073090553283691406e-01 -2.622253727167844772e-03 9.445359930396080017e-03 5.955749657005071640e-03 9.999342560768127441e-01
9.000000000000000000e+01 -7.595819234848022461e-01 -2.492902129888534546e-01 9.234787821769714355e-01 -4.585973918437957764e-03 3.110277839004993439e-02 1.092650741338729858e-02 9.994459748268127441e-01
9.100000000000000000e+01 -7.663525938987731934e-01 -2.533139884471893311e-01 9.376413822174072266e-01 -6.126731168478727341e-03 4.960469529032707214e-02 1.518859528005123138e-02 9.986346960067749023e-01
9.200000000000000000e+01 -7.667192220687866211e-01 -2.580419182777404785e-01 9.539927244186401367e-01 -5.327419843524694443e-03 6.521695852279663086e-02 1.862630806863307953e-02 9.976831078529357910e-01
9.300000000000000000e+01 -7.664422392845153809e-01 -2.630051970481872559e-01 9.704675078392028809e-01 -3.324324963614344597e-03 7.921636849641799927e-02 2.148986607789993286e-02 9.966202974319458008e-01
9.400000000000000000e+01 -7.750955820083618164e-01 -2.672157883644104004e-01 9.832444787025451660e-01 -2.169260755181312561e-03 9.200562536716461182e-02 2.423090115189552307e-02 9.954612255096435547e-01
9.500000000000000000e+01 -7.731709480285644531e-01 -2.716929912567138672e-01 9.986367821693420410e-01 -2.332685049623250961e-03 1.026260927319526672e-01 2.645406872034072876e-02 9.943654537200927734e-01
9.600000000000000000e+01 -7.711756229400634766e-01 -2.761248052120208740e-01 1.014516711235046387e+00 -2.729148836806416512e-03 1.121760234236717224e-01 2.874954417347908020e-02 9.932686686515808105e-01
9.700000000000000000e+01 -7.697811722755432129e-01 -2.806511223316192627e-01 1.029289364814758301e+00 -2.169945742934942245e-03 1.208281442523002625e-01 3.041410073637962341e-02 9.922050833702087402e-01
9.800000000000000000e+01 -7.675027847290039062e-01 -2.853827774524688721e-01 1.047753453254699707e+00 -8.851769962348043919e-04 1.288493573665618896e-01 3.227131441235542297e-02 9.911385774612426758e-01
9.900000000000000000e+01 -7.769653201103210449e-01 -2.866301834583282471e-01 1.055077672004699707e+00 -1.375378487864509225e-04 1.366917192935943604e-01 3.403307497501373291e-02 9.900288581848144531e-01
1.000000000000000000e+02 -7.766811251640319824e-01 -2.922448813915252686e-01 1.076746463775634766e+00 3.608862971304915845e-05 1.435511112213134766e-01 3.557832166552543640e-02 9.890031814575195312e-01
1.010000000000000000e+02 -7.762491106986999512e-01 -2.958661913871765137e-01 1.092068791389465332e+00 -2.041070838458836079e-04 1.497032940387725830e-01 3.717501834034919739e-02 9.880318641662597656e-01
1.020000000000000000e+02 -7.730441689491271973e-01 -2.997380495071411133e-01 1.109323024749755859e+00 -7.655366789549589157e-05 1.550604254007339478e-01 3.881381079554557800e-02 9.871422648429870605e-01
1.030000000000000000e+02 -7.725635170936584473e-01 -3.032587766647338867e-01 1.123317241668701172e+00 2.724390651565045118e-04 1.602088361978530884e-01 4.014005884528160095e-02 9.862666726112365723e-01
1.040000000000000000e+02 -7.695850133895874023e-01 -3.068786859512329102e-01 1.139705777168273926e+00 4.749931395053863525e-04 1.648018807172775269e-01 4.147474467754364014e-02 9.854542016983032227e-01
1.050000000000000000e+02 -7.670063972473144531e-01 -3.101935684680938721e-01 1.155452251434326172e+00 2.839899389073252678e-04 1.692019253969192505e-01 4.278295859694480896e-02 9.846524000167846680e-01
1.060000000000000000e+02 -7.645355463027954102e-01 -3.134511113166809082e-01 1.169472813606262207e+00 -1.620685216039419174e-04 1.731330454349517822e-01 4.416654258966445923e-02 9.839076399803161621e-01
1.070000000000000000e+02 -7.614157795906066895e-01 -3.167341947555541992e-01 1.184613466262817383e+00 -5.572065128944814205e-04 1.767767518758773804e-01 4.549666866660118103e-02 9.831987619400024414e-01
1.080000000000000000e+02 -7.584289908409118652e-01 -3.200399875640869141e-01 1.199612736701965332e+00 -8.385606925003230572e-04 1.802110671997070312e-01 4.674822837114334106e-02 9.825161099433898926e-01
