0.000000
0.036000
0.068000
0.100000
0.132000
0.168000
0.200000
0.232000
0.264000
0.296000
0.332000
0.364000
0.396000
0.432000
0.464000
0.496000
0.528000
0.564000
0.596000
0.628000
0.660000
0.692000
0.728000
0.760000
0.792000
0.828000
0.860000
0.892000
0.924000
0.960000
0.992000
1.024000
1.056000
1.088000
1.124000
1.156000
1.188000
1.224000
1.256000
1.288000
1.320000
1.356000
1.388000
1.420000
1.452000
1.484000
1.520000
1.552000
1.584000
1.620000
1.652000
1.684000
1.716000
1.752000
1.784000
1.816000
1.848000
1.880000
1.916000
1.948000
1.980000
2.016000
2.048000
2.080000
2.112000
2.148000
2.180000
2.212000
2.244000
2.280000
2.312000
2.344000
2.376000
2.408000
2.444000
2.476000
2.508000
2.544000
2.576000
2.608000
2.640000
2.676000
2.708000
2.740000
2.772000
2.804000
2.840000
2.872000
2.904000
2.940000
2.972000
3.004000
3.036000
3.072000
3.104000
3.136000
3.168000
3.200000
3.236000
3.268000
3.300000
3.336000
3.368000
3.400000
3.432000
3.468000
3.500000
3.532000
3.564000
3.596000
3.632000
3.664000
3.696000
3.732000
3.764000
3.796000
3.828000
3.864000
3.896000
3.928000
3.960000
3.992000
4.028000
4.060000
4.092000
4.128000
4.160000
4.192000
4.224000
4.260000
4.292000
4.324000
4.356000
4.388000
4.424000
4.456000
4.488000
4.524000
4.556000
4.588000
4.620000
4.656000
4.688000
4.720000
4.752000
4.784000
4.820000
4.852000
4.884000
4.920000
4.952000
4.984000
5.016000
5.052000
5.084000
5.116000
5.148000
5.180000
5.216000
5.248000
5.280000
5.316000
5.348000
5.380000
5.412000
5.448000
5.480000
5.512000
5.544000
5.580000
5.612000
5.644000
5.676000
5.708000
5.744000
5.776000
5.808000
5.844000
5.876000
5.908000
5.940000
5.976000
6.008000
6.040000
6.072000
6.104000
6.140000
6.172000
6.204000
6.240000
6.272000
6.304000
6.336000
6.372000
6.404000
6.436000
6.468000
6.500000
6.536000
6.568000
6.600000
6.636000
6.668000
6.700000
6.732000
6.768000
6.800000
6.832000
6.864000
6.896000
6.932000
6.964000
6.996000
7.032000
7.064000
7.096000
7.128000
7.164000
7.196000
7.228000
7.260000
7.292000
7.328000
7.360000
7.392000
7.428000
7.460000
7.492000
7.524000
7.560000
7.592000
7.624000
7.656000
7.688000
7.724000
7.756000
7.788000
7.824000
7.856000
7.888000
7.920000
7.956000
7.988000
8.020000
8.052000
8.084000
8.120000
8.152000
8.184000
8.220000
8.252000
8.284000
8.316000
8.352000
8.384000
8.416000
8.448000
8.480000
8.516000
8.548000
8.580000
8.616000
8.648000
8.680000
8.712000
8.748000
8.780000
8.812000
8.844000
8.880000
8.912000
8.944000
8.976000
9.008000
9.044000
9.076000
9.108000
9.144000
9.176000
9.208000
9.240000
9.276000
9.308000
9.340000
9.372000
9.404000
9.440000
9.472000
9.504000
9.540000
9.572000
9.604000
9.636000
9.672000
9.704000
9.736000
9.768000
9.800000
9.836000
9.868000
9.900000
9.936000
9.968000
10.000000
10.032000
10.068000
10.100000
10.132000
10.164000
10.196000
10.232000
10.264000
10.296000
10.332000
10.364000
10.396000
10.428000
10.464000
10.496000
10.528000
10.560000
10.592000
10.628000
10.660000
10.692000
10.728000
10.760000
10.792000
10.824000
10.860000
10.892000
10.924000
10.956000
10.988000
11.024000
11.056000
11.088000
11.124000
11.156000
11.188000
11.220000
11.256000
11.288000
11.320000
11.352000
11.384000
11.420000
11.452000
11.484000
11.520000
11.552000
11.584000
11.616000
11.652000
11.684000
11.716000
11.748000
11.780000
11.816000
11.848000
11.880000
11.916000
11.948000
11.980000
12.012000
12.048000
12.080000
12.112000
12.144000
12.180000
12.212000
12.244000
12.276000
12.308000
12.344000
12.376000
12.408000
12.444000
12.476000
12.508000
12.540000
12.576000
12.608000
12.640000
12.672000
12.704000
12.740000
12.772000
12.804000
12.840000
12.872000
12.904000
12.936000
12.972000
13.004000
13.036000
13.068000
13.100000
13.136000
13.168000
13.200000
13.236000
13.268000
13.300000
13.332000
13.368000
13.400000
13.432000
13.464000
13.496000
13.532000
13.564000
13.596000
13.632000
13.664000
13.696000
13.728000
13.764000
13.796000
13.828000
13.860000
13.892000
13.928000
13.960000
13.992000
14.028000
14.060000
14.092000
14.124000
14.160000
14.192000
14.224000
14.256000
14.288000
14.324000
14.356000
14.388000
14.424000
14.456000
14.488000
14.520000
14.556000
14.588000
14.620000
14.652000
14.684000
14.720000
14.752000
14.784000
14.820000
14.852000
14.884000
14.916000
14.952000
14.984000
15.016000
15.048000
15.080000
15.116000
15.148000
15.180000
15.216000
15.248000
15.280000
15.312000
15.348000
15.380000
15.412000
15.444000
15.480000
15.512000
15.544000
15.576000
15.608000
15.644000
15.676000
15.708000
15.744000
15.776000
15.808000
15.840000
15.876000
15.908000
15.940000
15.972000
16.004000
16.040000
16.072000
16.104000
16.140000
16.172000
16.204000
16.236000
16.272000
16.304000
16.336000
16.368000
16.400000
16.436000
16.468000
16.500000
16.536000
16.568000
16.600000
16.632000
16.668000
16.700000
16.732000
16.764000
16.796000
16.832000
16.864000
16.896000
16.932000
16.964000
16.996000
17.028000
17.064000
17.096000
17.128000
17.160000
17.192000
17.228000
17.260000
17.292000
17.328000
17.360000
17.392000
17.424000
17.460000
17.492000
17.524000
17.556000
17.588000
17.624000
17.656000
17.688000
17.724000
17.756000
17.788000
17.820000
17.856000
17.888000
17.920000
17.952000
