0.000000000000000000e+00 -0.000000000000000000e+00 -0.000000000000000000e+00 -0.000000000000000000e+00 -0.000000000000000000e+00 -0.000000000000000000e+00 -0.000000000000000000e+00 1.000000000000000000e+00
1.000000000000000000e+00 1.474464125931262970e-02 -3.689020127058029175e-02 7.369139790534973145e-02 -9.753423510119318962e-04 -2.966240607202053070e-02 4.630811512470245361e-03 9.995487928390502930e-01
2.000000000000000000e+00 2.333382889628410339e-02 -3.725559636950492859e-02 7.650963962078094482e-02 9.060974232852458954e-03 -1.683897338807582855e-02 -5.644597695209085941e-04 9.998170733451843262e-01
3.000000000000000000e+00 2.998792938888072968e-02 -3.676537051796913147e-02 7.320380955934524536e-02 5.589756648987531662e-03 2.327663637697696686e-02 -5.671816412359476089e-03 9.996973276138305664e-01
4.000000000000000000e+00 2.141693793237209320e-02 -4.682694748044013977e-02 -1.404307968914508820e-02 -5.292301625013351440e-02 6.370135396718978882e-02 -2.442592382431030273e-02 9.962653517723083496e-01
5.000000000000000000e+00 7.700530439615249634e-02 -9.877233207225799561e-02 -9.055630117654800415e-02 -7.208387553691864014e-02 1.022173464298248291e-01 1.640201918780803680e-02 9.920113086700439453e-01
6.000000000000000000e+00 9.139284491539001465e-02 -1.041354164481163025e-01 -8.170154690742492676e-02 -6.227580830454826355e-02 2.002316713333129883e-01 1.132116280496120453e-02 9.777018427848815918e-01
7.000000000000000000e+00 1.117004156112670898e-01 -9.489584714174270630e-02 -3.056677803397178650e-02 -7.480698078870773315e-02 1.924043297767639160e-01 1.577170751988887787e-02 9.783331751823425293e-01
8.000000000000000000e+00 1.254615485668182373e-01 -8.549984544515609741e-02 5.953446030616760254e-03 -1.057275086641311646e-01 1.672120988368988037e-01 2.539252676069736481e-02 9.799066185951232910e-01
9.000000000000000000e+00 1.565950512886047363e-01 -9.834372252225875854e-02 -3.468859568238258362e-02 -5.148828774690628052e-02 2.555834352970123291e-01 -4.362191539257764816e-04 9.654148817062377930e-01
1.000000000000000000e+01 3.573484718799591064e-01 -1.018319800496101379e-01 -8.825515955686569214e-02 -7.855115085840225220e-02 2.680885493755340576e-01 3.702619578689336777e-03 9.601794481277465820e-01
1.100000000000000000e+01 3.251838684082031250e-01 -8.311280608177185059e-02 4.382933303713798523e-02 -9.967961162328720093e-02 2.322327941656112671e-01 1.027053128927946091e-02 9.674845933914184570e-01
1.200000000000000000e+01 3.728206455707550049e-01 -9.750533849000930786e-02 -2.419311553239822388e-02 -1.008714213967323303e-01 2.384602576494216919e-01 -5.388564430177211761e-03 9.658843874931335449e-01
1.300000000000000000e+01 4.197262823581695557e-01 -1.001538261771202087e-01 -4.051830619573593140e-03 -7.672547549009323120e-02 2.415763884782791138e-01 3.164624096825718880e-03 9.673386812210083008e-01
1.400000000000000000e+01 4.673621356487274170e-01 -9.424249827861785889e-02 1.665996015071868896e-02 -7.240069657564163208e-02 2.680660784244537354e-01 6.433412432670593262e-03 9.606546759605407715e-01
1.500000000000000000e+01 6.036846041679382324e-01 -8.861647546291351318e-02 -8.846107125282287598e-02 -9.910231828689575195e-02 3.046518266201019287e-01 -8.147668093442916870e-03 9.472590088844299316e-01
1.600000000000000000e+01 6.446971893310546875e-01 -7.797770947217941284e-02 -4.519329220056533813e-02 -8.679560571908950806e-02 4.169541597366333008e-01 -7.030326407402753830e-03 9.047465920448303223e-01
1.700000000000000000e+01 6.864067912101745605e-01 -8.314514160156250000e-02 -3.385660052299499512e-02 -8.914298564195632935e-02 4.338144659996032715e-01 -1.202169246971607208e-02 8.965010046958923340e-01
1.800000000000000000e+01 7.316860556602478027e-01 -6.421121209859848022e-02 -1.287639141082763672e-02 -1.082948148250579834e-01 5.410228967666625977e-01 -3.141561523079872131e-02 8.334144353866577148e-01
1.900000000000000000e+01 8.030197620391845703e-01 -5.953327566385269165e-02 2.583563327789306641e-03 -9.054677188396453857e-02 6.603344082832336426e-01 -4.470407217741012573e-02 7.441514730453491211e-01
2.000000000000000000e+01 8.469210267066955566e-01 -5.553379282355308533e-02 8.586645126342773438e-04 -9.983826428651809692e-02 7.070969343185424805e-01 -5.588333681225776672e-02 6.977989077568054199e-01
2.100000000000000000e+01 8.799262046813964844e-01 -5.200928449630737305e-02 -7.220387458801269531e-03 -1.133345887064933777e-01 7.775598764419555664e-01 -4.911347851157188416e-02 6.165580153465270996e-01
2.200000000000000000e+01 9.042799472808837891e-01 -5.307898670434951782e-02 -2.381110191345214844e-02 -1.124395206570625305e-01 8.767163157463073730e-01 -6.570198386907577515e-02 4.630434811115264893e-01
2.300000000000000000e+01 9.333817958831787109e-01 -5.353311076760292053e-02 -4.091882705688476562e-02 -9.277556091547012329e-02 9.113238453865051270e-01 -7.065761089324951172e-02 3.948279321193695068e-01
2.400000000000000000e+01 9.665324091911315918e-01 -5.318705365061759949e-02 -6.106257438659667969e-02 -8.811055123805999756e-02 8.673729896545410156e-01 -6.519462913274765015e-02 4.854383766651153564e-01
2.500000000000000000e+01 9.873896241188049316e-01 -5.289079993963241577e-02 -7.478439807891845703e-02 -1.240133717656135559e-01 8.501536846160888672e-01 -3.641608357429504395e-02 5.104246735572814941e-01
2.600000000000000000e+01 1.405437946319580078e+00 2.718454301357269287e-01 2.941030263900756836e-01 -1.117430701851844788e-01 8.601267337799072266e-01 -7.264437526464462280e-02 4.923600256443023682e-01
2.700000000000000000e+01 1.585642099380493164e+00 3.395930528640747070e-01 2.402327060699462891e-01 -8.331467956304550171e-02 9.225998520851135254e-01 -1.099688038229942322e-01 3.602431416511535645e-01
2.800000000000000000e+01 1.767566204071044922e+00 3.438288867473602295e-01 1.176781654357910156e-01 -9.000694751739501953e-02 9.115032553672790527e-01 -8.164007216691970825e-02 3.929319083690643311e-01
2.900000000000000000e+01 1.872428536415100098e+00 3.344924747943878174e-01 5.351901054382324219e-02 -9.332386404275894165e-02 8.460462689399719238e-01 -7.766436785459518433e-02 5.190997719764709473e-01
3.000000000000000000e+01 2.076280593872070312e+00 3.297923207283020020e-01 -4.532051086425781250e-02 -1.011394187808036804e-01 8.380515575408935547e-01 -8.052758872509002686e-02 5.300527215003967285e-01
3.100000000000000000e+01 2.221238851547241211e+00 3.145318031311035156e-01 -1.837501525878906250e-01 -1.135096251964569092e-01 8.974268436431884766e-01 -8.895724266767501831e-02 4.169259071350097656e-01
3.200000000000000000e+01 5.299568653106689453e+00 3.957005143165588379e-01 -1.745502471923828125e+00 -9.967502951622009277e-02 9.302453994750976562e-01 -7.778234779834747314e-02 3.444681763648986816e-01
