0.000000 0.000000 0.000000 0.000000 0.000000 -0.001600 -0.030394 -0.980615
0.334892 0.340003 -0.322569 -0.131833 0.001720 0.002752 -0.018212 -0.985656
0.535938 0.540006 -0.553932 -0.220104 -0.011560 0.001463 -0.014673 -0.987714
0.803929 0.800008 -0.905421 -0.349644 -0.004600 0.000174 -0.024129 -0.989462
1.138818 1.140001 -1.401940 -0.530765 -0.009240 0.000224 -0.025435 -0.991253
1.406840 1.400004 -1.808601 -0.669190 -0.008600 -0.001079 -0.030207 -0.991746
1.607573 1.600005 -2.128946 -0.780961 -0.004200 -0.003579 -0.036733 -0.991326
2.411642 2.420003 -3.490394 -1.248389 -0.009040 0.001615 -0.029337 -0.992502
2.746410 2.740007 -3.967352 -1.399710 0.002480 0.003370 -0.029422 -0.994357
3.081544 3.080000 -4.503024 -1.524660 -0.002120 0.000263 -0.033367 -0.995188
3.416437 3.420003 -5.077865 -1.675695 -0.002120 -0.003139 -0.031812 -0.995145
3.684429 3.680006 -5.545035 -1.800077 -0.003560 -0.002194 -0.033150 -0.994875
4.086357 4.080000 -6.278250 -2.013870 0.003960 -0.003219 -0.037027 -0.993703
4.354250 4.360003 -6.796586 -2.172644 0.005120 -0.004690 -0.037668 -0.992937
4.622309 4.620005 -7.270874 -2.329124 0.006880 -0.003744 -0.038720 -0.992323
5.091248 5.099999 -8.142014 -2.628034 0.007000 -0.003462 -0.040318 -0.990888
5.292238 5.300001 -8.495728 -2.755569 0.011200 -0.005008 -0.040182 -0.990141
5.627113 5.620005 -9.056333 -2.969942 0.004960 -0.004949 -0.040977 -0.988994
5.962099 5.959997 -9.642721 -3.203794 0.005160 -0.005193 -0.040917 -0.987692
6.296986 6.300001 -10.215339 -3.439088 -0.003000 -0.005758 -0.039470 -0.986283
6.700073 6.700005 -10.838230 -3.731414 -0.027001 -0.008870 -0.020949 -0.981106
7.301746 7.300001 -11.579012 -4.224348 -0.034600 -0.014317 -0.006164 -0.961505
7.502790 7.500003 -11.801473 -4.413500 -0.049000 -0.009546 0.006519 -0.953209
7.770723 7.780005 -12.079993 -4.711272 -0.055480 -0.004006 0.023398 -0.932709
8.038739 8.039997 -12.267742 -4.996707 -0.057560 -0.010684 0.025078 -0.901502
8.239591 8.239999 -12.374524 -5.225982 -0.050360 -0.011528 0.020232 -0.868734
8.373480 8.380001 -12.408782 -5.405104 -0.043760 -0.007848 0.018641 -0.840597
8.574586 8.580003 -12.435476 -5.658452 -0.038320 -0.003211 0.016758 -0.792544
8.708578 8.700004 -12.435476 -5.806334 -0.038800 -0.004688 0.011674 -0.761460
8.842466 8.839995 -12.415455 -5.971113 -0.030720 -0.010091 0.003397 -0.724877
8.976476 8.979996 -12.384310 -6.131605 -0.017840 -0.015291 -0.005045 -0.690266
9.110475 9.119998 -12.326470 -6.288659 -0.021280 -0.016366 -0.008764 -0.658005
9.311490 9.320000 -12.228141 -6.508189 -0.031760 -0.013272 -0.004958 -0.616633
9.445396 9.440001 -12.158733 -6.635436 -0.039920 -0.011498 0.000311 -0.594560
9.646391 9.640004 -12.024365 -6.847516 -0.048480 -0.010575 0.011813 -0.561024
9.847403 9.839995 -11.877993 -7.062163 -0.051280 -0.011226 0.020329 -0.528678
10.048145 10.039997 -11.719600 -7.283413 -0.044720 -0.014609 0.015449 -0.502462
10.249251 10.239999 -11.532732 -7.518419 -0.018320 -0.019141 -0.002357 -0.489356
10.383305 10.380001 -11.384571 -7.705279 -0.011800 -0.017990 -0.012899 -0.484280
10.584178 10.580002 -11.167448 -7.979262 -0.010200 -0.014279 -0.019562 -0.477988
10.718390 10.720004 -11.011724 -8.175866 -0.015800 -0.011612 -0.019783 -0.476625
10.986203 10.979995 -10.753235 -8.527786 -0.037240 -0.000008 -0.007111 -0.480210
11.186997 11.179998 -10.581494 -8.755916 -0.041160 -0.007972 -0.004253 -0.482253
11.321149 11.319999 -10.472488 -8.910389 -0.042560 -0.013052 -0.004641 -0.482770
11.522098 11.520001 -10.331002 -9.124760 -0.046641 0.004733 0.002824 -0.486629
11.722974 11.720004 -10.197524 -9.308180 -0.073041 0.028790 0.012485 -0.494691
11.924015 11.919995 -10.101872 -9.472102 -0.062040 0.027197 0.011109 -0.500683
12.125078 12.119997 -10.007548 -9.622276 -0.060280 0.024674 0.011551 -0.499914
12.327320 12.319999 -9.922123 -9.741498 -0.065440 0.047399 0.025463 -0.494090
12.527743 12.520001 -9.866954 -9.806839 -0.058799 0.045451 0.019149 -0.483534
12.727924 12.720004 -9.875853 -9.789644 -0.006798 -0.015024 -0.013353 -0.472590
12.861762 12.859994 -9.852717 -9.796522 0.005400 -0.052031 -0.026451 -0.454234
12.996417 12.999996 -9.821573 -9.808559 0.011000 -0.048819 -0.018427 -0.424200
13.196830 13.199997 -9.661400 -9.894537 -0.027400 0.000255 0.006469 -0.360644
13.464600 13.460001 -9.453175 -9.964178 -0.052960 0.013520 0.019493 -0.250119
13.665685 13.660002 -9.278765 -10.005447 -0.025919 -0.031247 0.009467 -0.187134
13.874745 13.879993 -9.013602 -10.060757 -0.008480 -0.035621 0.000565 -0.151158
14.067633 14.059995 -8.746648 -10.119221 -0.010640 -0.019509 -0.005170 -0.139281
14.268652 14.259998 -8.428082 -10.200040 -0.018960 -0.005819 -0.003866 -0.146782
14.469581 14.460000 -8.143331 -10.291750 -0.018160 -0.000405 -0.007637 -0.175342
14.670445 14.680002 -7.878158 -10.397789 -0.028800 0.001647 -0.008030 -0.204165
14.871611 14.879993 -7.669946 -10.484048 -0.035600 0.003050 -0.001155 -0.216482
15.072441 15.079996 -7.491976 -10.571172 -0.033520 -0.003208 -0.002045 -0.235138
15.206568 15.199997 -7.401211 -10.629637 -0.026800 -0.000982 -0.009390 -0.262393
15.340478 15.339998 -7.299324 -10.697846 -0.031560 0.012795 -0.017600 -0.296415
15.610489 15.620002 -7.110676 -10.841143 -0.043560 0.028837 -0.010316 -0.337595
15.742209 15.740003 -7.035929 -10.906486 -0.042120 0.023913 0.004923 -0.350417
15.876335 15.879992 -6.966083 -10.986439 -0.044600 0.011788 0.022132 -0.363001
16.010338 16.019994 -6.891335 -11.067258 -0.042760 -0.012440 0.016185 -0.378549
16.211274 16.219996 -6.731163 -11.187627 -0.000360 -0.038182 -0.016902 -0.390541
16.345238 16.339997 -6.603024 -11.290801 0.003840 -0.032847 -0.027459 -0.392025
16.546233 16.540000 -6.369882 -11.487979 -0.003040 -0.017711 -0.023169 -0.387140
16.680260 16.680001 -6.201701 -11.648470 -0.013681 -0.016189 -0.012037 -0.379963
16.881117 16.879992 -5.955672 -11.862829 -0.015880 -0.025426 -0.001767 -0.369742
17.082167 17.079995 -5.699394 -12.069176 -0.013640 -0.030672 -0.002743 -0.360441
17.350041 17.359998 -5.320764 -12.354909 -0.016760 -0.029344 -0.005325 -0.346944
17.484121 17.479999 -5.155252 -12.475278 -0.018680 -0.028738 -0.006672 -0.340579
17.685059 17.680001 -4.871391 -12.665574 -0.013240 -0.029901 -0.009085 -0.328977
17.952831 17.959993 -4.482097 -12.918339 -0.020240 -0.024934 -0.005421 -0.306067
18.086970 18.079995 -4.320144 -13.008902 -0.025520 -0.020368 -0.003247 -0.293319
18.287980 18.279997 -4.053190 -13.141307 -0.033600 -0.015722 0.000419 -0.265196
18.421973 18.419998 -3.866322 -13.213528 -0.036400 -0.014072 0.001627 -0.238992
18.555747 18.560000 -3.682123 -13.278870 -0.040640 -0.012021 0.005974 -0.209466
18.756859 18.760002 -3.422732 -13.357395 -0.049280 -0.003482 0.016555 -0.163413
19.028794 19.019994 -3.052571 -13.414710 -0.055200 0.006898 0.022363 -0.107267
19.292798 19.299996 -2.642796 -13.445374 -0.041600 -0.008246 0.010548 -0.078148
19.429897 19.419997 -2.445250 -13.455691 -0.031040 -0.013737 0.002716 -0.074077
19.694585 19.700000 -1.939816 -13.485496 -0.022400 -0.015057 -0.007644 -0.065342
19.895695 19.899992 -1.566099 -13.508421 -0.016600 -0.021649 -0.002656 -0.059932
20.029728 20.019993 -1.340968 -13.522177 -0.012680 -0.027665 0.000964 -0.057715
20.297590 20.299996 -0.803055 -13.551408 -0.009600 -0.033817 0.000520 -0.055588
20.432022 20.439998 -0.528982 -13.559432 -0.011280 -0.029401 -0.002727 -0.050548
20.766355 20.760001 0.060539 -13.554557 -0.025720 -0.018911 0.005264 -0.020145
21.101626 21.099994 0.591760 -13.501251 -0.021000 -0.023890 0.008962 0.023454
21.369270 21.359997 0.963716 -13.427882 -0.030160 -0.016082 0.007798 0.057073
21.704487 21.700000 1.423766 -13.297767 -0.042800 -0.000422 0.011291 0.103731
21.838308 21.839990 1.610619 -13.229849 -0.048680 0.003535 0.011050 0.123859
21.972408 21.979991 1.797487 -13.157627 -0.055960 0.006409 0.011192 0.143617
22.106318 22.099993 1.962109 -13.084259 -0.056600 0.008800 0.011231 0.160567
22.240321 22.239994 2.155205 -12.995988 -0.056040 0.009715 0.009796 0.179698
22.441217 22.439997 2.422605 -12.848105 -0.046120 0.007697 0.007817 0.206428
22.642198 22.639999 2.695787 -12.687038 -0.036280 -0.001267 0.008590 0.227507
22.776232 22.780000 2.891554 -12.567242 -0.029200 -0.012976 0.008262 0.233423
22.910110 22.919991 3.097093 -12.434845 -0.020800 -0.019775 0.006671 0.237324
23.043995 23.039992 3.278620 -12.319062 -0.016480 -0.021635 0.004969 0.240719
23.178096 23.179994 3.502862 -12.178630 -0.018160 -0.018094 0.003041 0.248137
23.379114 23.379996 3.805854 -11.978014 -0.022640 -0.013440 0.007780 0.265732
23.512988 23.519997 4.007848 -11.836437 -0.026000 -0.013755 0.011659 0.279818
23.646878 23.639999 4.162682 -11.709189 -0.026000 -0.015136 0.014036 0.293469
23.714015 23.720000 4.265904 -11.624357 -0.026000 -0.015881 0.014660 0.302939
23.848052 23.839990 4.408710 -11.494543 -0.027440 -0.016228 0.014443 0.317377
23.915026 23.919991 4.501254 -11.407418 -0.028720 -0.015808 0.014103 0.327333
24.048906 24.039992 4.634731 -11.276732 -0.030000 -0.014340 0.012854 0.342041
24.182684 24.179994 4.777996 -11.124264 -0.030000 -0.011059 0.010890 0.359092
24.317217 24.319995 4.911917 -10.965778 -0.035040 -0.006276 0.009687 0.377501
24.450883 24.459997 5.036496 -10.801273 -0.045120 0.001649 0.007034 0.401804
24.651837 24.659999 5.171751 -10.575438 -0.052480 0.012984 0.007130 0.446252
24.785832 24.779999 5.239822 -10.440452 -0.052959 0.017083 0.008650 0.476239
24.986838 24.979990 5.319903 -10.211191 -0.039360 0.013180 0.011947 0.526504
25.120857 25.119992 5.359946 -10.030064 -0.031760 0.008551 0.010730 0.559181
25.254723 25.259993 5.396874 -9.844639 -0.025560 0.012956 0.005757 0.589637
25.455706 25.459996 5.441366 -9.563777 -0.036760 0.022486 -0.003530 0.625648
25.522757 25.519996 5.454713 -9.481239 -0.036919 0.020127 -0.003354 0.631257
25.723739 25.719999 5.499206 -9.217573 -0.016119 -0.000559 0.000689 0.630547
25.791086 25.799999 5.517002 -9.112108 -0.012600 -0.007284 -0.000015 0.625709
25.924646 25.919990 5.543695 -8.953922 -0.011640 -0.012854 -0.004463 0.616628
26.058953 26.059991 5.585517 -8.769357 -0.012200 -0.013570 -0.008938 0.604228
26.196669 26.199993 5.641578 -8.584790 -0.015000 -0.011810 -0.008143 0.591019
26.393539 26.399995 5.728337 -8.338321 -0.014800 -0.012490 -0.001683 0.569331
26.527949 26.519996 5.783508 -8.195025 -0.014240 -0.014280 -0.000023 0.553946
26.661660 26.659998 5.858255 -8.034532 -0.015920 -0.014683 -0.001667 0.534602
26.728563 26.719999 5.890290 -7.965750 -0.016640 -0.014774 -0.003026 0.526467
26.932020 26.939990 6.016196 -7.713561 -0.028400 -0.002025 -0.011506 0.505291
27.063451 27.059991 6.077596 -7.586314 -0.040160 0.014533 -0.015078 0.502344
27.197419 27.199993 6.139885 -7.449895 -0.059200 0.025795 -0.011128 0.513304
27.331390 27.339993 6.182152 -7.323795 -0.059880 0.022105 0.002322 0.539915
27.465390 27.459996 6.208847 -7.220621 -0.051720 0.019304 0.012096 0.570903
27.599504 27.599997 6.208845 -7.083056 -0.051400 0.020344 0.012760 0.615776
27.733391 27.739999 6.196387 -6.938613 -0.054760 0.023585 0.006232 0.664896
27.867399 27.859988 6.151452 -6.830579 -0.047080 0.016600 0.001139 0.707172
28.001446 27.999990 6.095391 -6.706197 -0.037000 -0.003837 0.006755 0.750975
28.135124 28.139991 6.033102 -6.601878 -0.010120 -0.025000 0.024832 0.783610
28.269316 28.259992 5.978376 -6.508735 0.010960 -0.035785 0.039778 0.801202
28.470614 28.479995 5.851127 -6.262838 0.010080 -0.032914 0.035369 0.821891
28.537207 28.539996 5.814643 -6.184310 0.006319 -0.028608 0.029703 0.825637
28.671051 28.679997 5.727438 -5.987708 -0.006561 -0.018998 0.020274 0.831058
28.805169 28.799998 5.648241 -5.817759 -0.013000 -0.014752 0.019812 0.832551
28.939205 28.939989 5.548585 -5.617159 -0.013000 -0.015426 0.023300 0.832186
29.073450 29.079991 5.456041 -5.416543 -0.018440 -0.015280 0.017442 0.827301
29.207071 29.199992 5.381294 -5.244588 -0.026600 -0.014159 0.006619 0.819031
29.341092 29.339993 5.318115 -5.067188 -0.035760 -0.011114 -0.003845 0.803549
29.542113 29.539996 5.257607 -4.839061 -0.043440 -0.012028 -0.006113 0.774102
29.676075 29.679997 5.245149 -4.698631 -0.034480 -0.017975 -0.002196 0.752394
29.809855 29.799998 5.236695 -4.568230 -0.027800 -0.019309 -0.000695 0.733181
30.010970 30.019990 5.227797 -4.295979 -0.019400 -0.016069 0.005078 0.714036
30.144992 30.139991 5.227797 -4.106829 -0.021800 -0.009496 0.007007 0.709510
30.345856 30.339993 5.215784 -3.773521 -0.028320 -0.004805 0.008556 0.704855
30.412754 30.419994 5.205105 -3.631371 -0.032160 -0.006673 0.009966 0.703676
30.613886 30.619995 5.183749 -3.272557 -0.030720 -0.011316 0.011243 0.704555
30.747892 30.739997 5.173071 -3.055891 -0.025440 -0.013992 0.011919 0.707674
30.881779 30.879987 5.143262 -2.803137 -0.026560 -0.014051 0.013094 0.714350
31.015925 31.019989 5.110337 -2.554947 -0.028640 -0.007598 0.013318 0.725617
31.216838 31.219991 5.048048 -2.239695 -0.035040 -0.000511 0.011977 0.751737
