0.000000 0.000000 0.000000 0.000000 0.006761 0.000554 -0.007471 0.999949
0.334892 0.000000 0.000000 0.000000 0.006761 0.000554 -0.007471 0.999949
0.535938 0.000000 0.000000 0.000000 0.006761 0.000554 -0.007471 0.999949
0.803929 -0.374167 -0.314119 0.201708 0.001629 -0.013835 -0.002006 0.999901
1.138818 -0.604372 -0.093640 0.489683 0.002549 -0.028069 0.000136 0.999603
1.406840 -0.707942 -0.092259 0.812800 0.003506 -0.037703 0.000115 0.999283
1.607573 -0.707942 -0.092259 0.812800 0.003506 -0.037703 0.000115 0.999283
2.411642 -0.707942 -0.092259 0.812800 0.003506 -0.037703 0.000115 0.999283
2.746410 -0.707942 -0.092259 0.812800 0.003506 -0.037703 0.000115 0.999283
3.081544 -0.707942 -0.092259 0.812800 0.003506 -0.037703 0.000115 0.999283
3.416437 -0.411783 -0.066514 1.194044 0.004544 -0.031841 0.000007 0.999483
3.684429 -0.411783 -0.066514 1.194044 0.004544 -0.031841 0.000007 0.999483
4.086357 -0.411783 -0.066514 1.194044 0.004544 -0.031841 0.000007 0.999483
4.354250 -0.374758 -0.043364 1.691570 0.004568 -0.025186 -0.000168 0.999672
4.622309 -0.429766 -0.948488 1.852680 -0.009907 -0.010095 0.001800 0.999898
5.091248 -0.411617 -0.993550 1.479804 -0.021935 0.005415 -0.002927 0.999740
5.292238 -0.411617 -0.993550 1.479804 -0.021935 0.005415 -0.002927 0.999740
5.627113 -0.411617 -0.993550 1.479804 -0.021935 0.005415 -0.002927 0.999740
5.962099 -0.411617 -0.993550 1.479804 -0.021935 0.005415 -0.002927 0.999740
6.296986 -0.411617 -0.993550 1.479804 -0.021935 0.005415 -0.002927 0.999740
6.700073 0.414494 -0.991952 1.810468 -0.026228 0.232036 0.010052 0.972302
7.301746 0.619464 -0.982279 2.018719 -0.017194 0.315075 0.007111 0.948884
7.502790 0.619464 -0.982279 2.018719 -0.017194 0.315075 0.007111 0.948884
7.770723 0.877590 -0.963816 2.241782 -0.027315 0.383607 0.005384 0.923077
8.038739 1.117278 -0.957860 2.322625 -0.038934 0.422874 0.000316 0.905352
8.239591 1.279130 -0.936231 2.404099 -0.046683 0.446220 -0.005206 0.893690
8.373480 1.502044 -0.908439 2.524366 -0.052346 0.479049 -0.011043 0.876156
8.574586 1.642420 -0.924751 2.480803 -0.047695 0.492600 -0.011471 0.868872
8.708578 1.802797 -0.915831 2.523443 -0.036258 0.502647 -0.009157 0.863683
8.842466 1.749317 -0.923132 2.368588 -0.025871 0.506933 -0.003965 0.861588
8.976476 1.913930 -0.904608 2.392724 -0.020839 0.509890 0.001720 0.859985
9.110475 2.085236 -0.885075 2.560785 -0.019736 0.513500 0.006696 0.857837
9.311490 2.031675 -0.882874 2.695701 -0.023850 0.514089 0.009149 0.857356
9.445396 2.264185 -0.853232 2.786069 -0.038127 0.507494 0.012024 0.860728
9.646391 2.420834 -0.862062 2.578973 -0.036853 0.490705 0.003894 0.870537
9.847403 2.630833 -0.780081 2.731492 -0.035833 0.487466 0.000286 0.872407
10.048145 2.804155 -0.633378 2.929689 -0.058244 0.481211 0.013608 0.874562
10.249251 3.002530 -0.600995 3.058179 -0.072093 0.474732 0.023599 0.876855
10.383305 3.046292 -0.254358 3.070002 -0.056378 0.468548 0.012894 0.881543
10.584178 3.252395 -0.180842 3.192686 -0.051459 0.468698 0.008734 0.881815
10.718390 3.252395 -0.180842 3.192686 -0.051459 0.468698 0.008734 0.881815
10.986203 3.252395 -0.180842 3.192686 -0.051459 0.468698 0.008734 0.881815
11.186997 3.252395 -0.180842 3.192686 -0.051459 0.468698 0.008734 0.881815
11.321149 3.210383 -0.434084 3.183015 -0.007776 0.489909 -0.037669 0.870924
11.522098 3.210383 -0.434084 3.183015 -0.007776 0.489909 -0.037669 0.870924
11.722974 3.388038 -0.408315 3.245589 -0.058014 0.551723 -0.014461 0.831882
11.924015 3.388038 -0.408315 3.245589 -0.058014 0.551723 -0.014461 0.831882
12.125078 3.515261 -0.440239 3.179763 -0.020166 0.601815 -0.044334 0.797149
12.327320 3.576563 -0.402689 3.226552 -0.009569 0.629891 -0.046227 0.775248
12.527743 3.611069 -0.402764 3.270006 -0.018159 0.642718 -0.028328 0.765364
12.727924 3.635372 -0.399752 3.281481 -0.025289 0.641877 -0.021091 0.766100
12.861762 3.665531 -0.400117 3.296859 -0.030140 0.631710 -0.015973 0.774454
12.996417 3.840750 -0.393479 3.358313 -0.027493 0.605766 -0.007445 0.795133
13.196830 4.048407 -0.356501 3.424433 -0.033008 0.584050 -0.009603 0.810990
13.464600 4.218109 -0.353564 3.488039 -0.035907 0.574465 -0.013869 0.817623
13.665685 4.218109 -0.353564 3.488039 -0.035907 0.574465 -0.013869 0.817623
13.874745 4.465102 -0.292990 3.588101 -0.041056 0.534204 0.010294 0.844295
14.067633 4.713823 -0.285018 3.373254 -0.052611 0.500829 0.015589 0.863805
14.268652 4.713823 -0.285018 3.373254 -0.052611 0.500829 0.015589 0.863805
14.469581 4.713823 -0.285018 3.373254 -0.052611 0.500829 0.015589 0.863805
14.670445 4.713823 -0.285018 3.373254 -0.052611 0.500829 0.015589 0.863805
14.871611 4.713823 -0.285018 3.373254 -0.052611 0.500829 0.015589 0.863805
15.072441 4.792464 -0.258746 3.442731 -0.062864 0.504477 0.020761 0.860883
15.206568 4.889322 -0.227104 3.511094 -0.072796 0.510170 0.015238 0.856852
15.340478 5.095441 -0.193098 3.623453 -0.075114 0.521263 -0.002655 0.850080
15.610489 5.143062 -0.199761 3.536581 -0.072544 0.520451 -0.004062 0.850795
15.742209 5.191962 -0.209054 3.442775 -0.072544 0.520451 -0.004062 0.850795
15.876335 5.241283 -0.218850 3.344827 -0.073357 0.520321 -0.003560 0.850807
16.010338 5.408839 -0.168368 3.451213 -0.072163 0.529938 -0.002661 0.844956
16.211274 5.483321 -0.183305 3.305229 -0.071409 0.529804 -0.003126 0.845103
16.345238 5.661789 -0.110862 3.542258 -0.074701 0.543389 -0.004338 0.836140
16.546233 5.872459 -0.067916 3.631303 -0.080058 0.553823 -0.002717 0.828772
16.680260 5.636766 -0.144067 3.418855 -0.088168 0.574457 -0.002691 0.813768
16.881117 5.892212 -0.052694 3.605029 -0.091722 0.603396 -0.004754 0.792135
17.082167 6.354865 0.052014 3.606597 -0.104837 0.647798 -0.012328 0.754463
17.350041 6.161550 0.017748 3.548790 -0.115141 0.670183 -0.013241 0.733091
17.484121 6.486877 0.054384 3.450610 -0.123751 0.700283 -0.013883 0.702920
17.685059 6.950055 0.063386 3.421049 -0.108517 0.723795 -0.020654 0.681115
17.952831 7.129019 0.103089 3.391825 -0.096948 0.728147 -0.021624 0.678185
18.086970 7.420687 0.161946 3.373772 -0.088365 0.734013 -0.016739 0.673154
18.287980 7.600912 0.175862 3.287349 -0.087356 0.736200 -0.017323 0.670879
18.421973 7.792712 0.207462 3.266593 -0.086725 0.737970 -0.023858 0.668812
18.555747 8.057636 0.232429 3.214474 -0.084614 0.739214 -0.035109 0.667211
18.756859 7.740452 0.176177 3.023245 -0.080715 0.742124 -0.033992 0.664516
19.028794 7.693416 0.081714 2.625872 -0.089915 0.751804 -0.025413 0.652732
19.292798 7.886222 0.102085 2.585214 -0.096044 0.760965 -0.028001 0.641033
19.429897 8.378608 0.144595 2.474869 -0.097306 0.781652 -0.037795 0.614917
19.694585 8.298184 0.061502 2.118707 -0.098884 0.789870 -0.036964 0.604120
19.895695 8.462566 0.067909 1.964350 -0.103013 0.799905 -0.034112 0.590235
20.029728 8.946279 0.151483 1.742424 -0.113864 0.820230 -0.029771 0.559796
20.297590 9.160210 0.160072 1.571126 -0.117007 0.830398 -0.027524 0.544050
20.432022 9.656119 0.190726 1.253476 -0.122162 0.855333 -0.025923 0.502803
20.766355 10.065444 0.200830 0.910823 -0.119419 0.877995 -0.028502 0.462657
21.101626 10.375374 0.169018 0.694607 -0.111420 0.890478 -0.041596 0.439208
21.369270 10.737487 0.196779 0.383416 -0.097939 0.895195 -0.052955 0.431544
21.704487 10.575958 0.161255 0.272926 -0.099468 0.896334 -0.048859 0.429307
21.838308 10.518478 0.110141 0.087799 -0.104327 0.898390 -0.047195 0.424010
21.972408 10.656005 0.119010 -0.028353 -0.108556 0.903035 -0.049980 0.412608
22.106318 10.784960 0.119614 -0.197020 -0.110228 0.908190 -0.054053 0.400148
22.240321 10.971025 0.114726 -0.439561 -0.110348 0.917216 -0.058908 0.378242
22.441217 11.138087 0.109699 -0.709252 -0.109662 0.926627 -0.059774 0.354632
22.642198 11.298339 0.114253 -0.873643 -0.109910 0.932769 -0.058318 0.338321
22.776232 11.237425 0.067895 -1.105993 -0.111907 0.937888 -0.056026 0.323580
22.910110 11.087347 0.074258 -1.260306 -0.113835 0.943114 -0.052881 0.307865
23.043995 10.920328 0.064360 -1.465282 -0.117400 0.950313 -0.047502 0.284368
23.178096 10.847520 -0.052273 -1.801685 -0.125050 0.962278 -0.044451 0.237503
23.379114 11.065106 -0.049721 -1.917904 -0.127373 0.971559 -0.047014 0.194005
23.512988 11.143334 -0.060257 -2.102118 -0.123234 0.978548 -0.055797 0.155385
23.646878 11.143334 -0.060257 -2.102118 -0.123234 0.978548 -0.055797 0.155385
23.714015 11.007527 -0.061742 -1.964999 -0.119121 0.983888 -0.057894 0.120092
23.848052 11.007527 -0.061742 -1.964999 -0.119121 0.983888 -0.057894 0.120092
23.915026 11.007527 -0.061742 -1.964999 -0.119121 0.983888 -0.057894 0.120092
24.048906 10.965600 0.095316 -2.096704 -0.114111 0.986361 -0.067669 0.097425
24.182684 10.931733 0.240550 -2.241059 -0.099689 0.986412 -0.087040 0.097353
24.317217 10.931733 0.240550 -2.241059 -0.099689 0.986412 -0.087040 0.097353
24.450883 10.820589 0.375619 -2.437917 -0.086421 0.984829 -0.088922 0.121390
24.651837 10.843553 0.364383 -2.586918 -0.086278 0.983154 -0.085264 0.136725
24.785832 10.857094 0.366787 -2.344082 -0.092448 0.978479 -0.085682 0.163372
24.986838 10.879045 0.323513 -2.523285 -0.095494 0.974438 -0.088005 0.183322
25.120857 10.936503 0.298955 -2.701835 -0.097277 0.970052 -0.087471 0.204660
25.254723 10.783715 0.224720 -2.930162 -0.096864 0.962951 -0.080576 0.238434
25.455706 10.823068 0.220924 -3.003835 -0.097796 0.961195 -0.076273 0.246421
25.522757 10.822486 -0.042933 -3.051907 -0.116552 0.958653 -0.046175 0.255477
25.723739 10.822486 -0.042933 -3.051907 -0.116552 0.958653 -0.046175 0.255477
25.791086 10.789231 -0.191144 -3.000293 -0.130523 0.961778 -0.047097 0.236070
25.924646 10.848854 -0.081263 -2.858219 -0.135023 0.967664 -0.063293 0.203446
26.058953 10.848854 -0.081263 -2.858219 -0.135023 0.967664 -0.063293 0.203446
26.196669 10.652030 -0.139642 -3.019855 -0.128549 0.982803 -0.062079 0.117131
26.393539 10.744258 -0.162969 -3.140386 -0.112779 0.990234 -0.066379 0.048084
26.527949 10.736071 -0.019857 -3.244308 0.095005 -0.989038 0.112052 0.014880
26.661660 10.757859 -0.043808 -3.312933 0.087910 -0.987027 0.127571 0.042132
26.728563 10.757859 -0.043808 -3.312933 0.087910 -0.987027 0.127571 0.042132
26.932020 10.757859 -0.043808 -3.312933 0.087910 -0.987027 0.127571 0.042132
27.063451 10.757859 -0.043808 -3.312933 0.087910 -0.987027 0.127571 0.042132
27.197419 10.757859 -0.043808 -3.312933 0.087910 -0.987027 0.127571 0.042132
27.331390 10.747918 0.006095 -3.406927 0.088599 -0.987000 0.126095 0.045619
27.465390 10.747918 0.006095 -3.406927 0.088599 -0.987000 0.126095 0.045619
27.599504 10.747918 0.006095 -3.406927 0.088599 -0.987000 0.126095 0.045619
27.733391 10.764040 0.040774 -3.517773 0.083177 -0.989028 0.117889 0.031737
27.867399 10.811087 -0.084257 -3.488290 0.076540 -0.992155 0.098512 0.008105
28.001446 10.811087 -0.084257 -3.488290 0.076540 -0.992155 0.098512 0.008105
28.135124 10.811087 -0.084257 -3.488290 0.076540 -0.992155 0.098512 0.008105
28.269316 10.811087 -0.084257 -3.488290 0.076540 -0.992155 0.098512 0.008105
28.470614 10.811087 -0.084257 -3.488290 0.076540 -0.992155 0.098512 0.008105
28.537207 10.811087 -0.084257 -3.488290 0.076540 -0.992155 0.098512 0.008105
28.671051 10.811087 -0.084257 -3.488290 0.076540 -0.992155 0.098512 0.008105
28.805169 10.860699 -0.018465 -3.696574 0.082731 -0.991952 0.095676 0.005671
28.939205 10.854729 0.013269 -3.915201 0.084390 -0.991577 0.098206 0.002849
29.073450 10.915287 -0.012325 -4.090985 0.083284 -0.991386 0.101026 0.003433
29.207071 10.834678 -0.155287 -4.183777 0.082526 -0.991493 0.100527 0.005119
29.341092 10.842432 -0.196987 -4.416076 0.081274 -0.991139 0.103670 0.017066
29.542113 10.836806 -0.116257 -4.531865 0.087857 -0.990123 0.103929 0.033713
29.676075 10.824980 -0.162083 -4.653852 0.089914 -0.989502 0.098590 0.055508
29.809855 10.739097 -0.418418 -4.619395 0.091698 -0.986251 0.092827 0.101404
30.010970 10.761485 -0.326128 -4.782995 0.094589 -0.981307 0.091652 0.140320
30.144992 10.790260 -0.298841 -4.451773 0.093932 -0.970418 0.086774 0.204783
30.345856 10.727826 -0.356511 -4.566279 0.091461 -0.965804 0.084013 0.227594
30.412754 10.546936 -0.515978 -4.832839 0.078955 -0.945788 0.076764 0.305545
30.613886 10.419780 -0.672750 -4.912463 0.071375 -0.925565 0.072878 0.364588
30.747892 10.187033 -0.739886 -4.834385 0.065886 -0.901546 0.073846 0.421213
30.881779 10.195803 -0.835058 -5.065799 0.056333 -0.866505 0.082194 0.489121
31.015925 10.195803 -0.835058 -5.065799 0.056333 -0.866505 0.082194 0.489121
