0.000000 0.000000 0.000000 0.000000 0.010058 0.001558 -0.003105 0.999943
0.334892 -0.525701 0.004025 1.511166 0.010083 0.004677 -0.003106 0.999933
0.535938 -0.480669 0.002871 3.110532 0.004854 0.001353 -0.002562 0.999984
0.803929 -0.425242 0.094291 4.706956 0.000922 -0.015312 0.002599 0.999879
1.138818 -0.691735 0.221653 6.279457 0.001508 -0.029036 0.003903 0.999570
1.406840 -2.288593 0.197406 6.182222 0.002460 -0.028975 0.003931 0.999569
1.607573 -1.866529 -0.015593 7.710781 0.006930 -0.026434 -0.000060 0.999627
2.411642 -1.483009 0.090018 9.260542 0.009926 -0.018478 -0.001468 0.999779
2.746410 -0.928641 0.190065 10.758095 0.010949 -0.011568 -0.002979 0.999869
3.081544 -0.258041 0.406299 12.194597 0.011707 -0.005392 -0.001404 0.999916
3.416437 1.341787 0.411960 12.217377 0.012660 -0.005361 -0.001398 0.999905
3.684429 1.881340 0.188598 10.727749 0.013026 0.006356 -0.004504 0.999885
4.086357 3.479377 0.185423 10.648582 0.013989 0.006564 -0.004499 0.999870
4.354250 5.079065 0.215741 10.639660 0.014167 0.005221 -0.004508 0.999876
4.622309 5.356195 0.361905 12.208683 0.009074 0.019901 -0.006808 0.999738
5.091248 5.688834 0.596718 13.756008 -0.002855 0.036853 -0.011215 0.999254
5.292238 7.074912 0.749316 14.540548 -0.007285 0.073685 -0.017285 0.997105
5.627113 8.658132 0.655380 14.329388 -0.019928 0.109378 -0.024240 0.993505
5.962099 9.864604 0.927592 15.344439 -0.043240 0.160875 -0.020890 0.985806
6.296986 11.250347 1.067874 16.131863 -0.054450 0.268208 -0.032033 0.961287
6.700073 12.848127 1.038446 16.210804 -0.047200 0.486709 -0.029959 0.871773
7.301746 11.293166 1.055077 16.587394 -0.034999 0.557504 -0.036340 0.828639
7.502790 10.739304 1.043664 18.088428 -0.020870 0.635133 -0.042344 0.770959
7.770723 9.584333 0.896618 16.990967 -0.026471 0.691796 -0.040993 0.720443
8.038739 11.177582 1.028920 17.054657 -0.036592 0.723025 -0.041728 0.688589
8.239591 12.769016 1.107565 16.909222 -0.044267 0.741003 -0.043979 0.668597
8.373480 14.283138 1.036069 16.397046 -0.049229 0.764797 -0.047073 0.640660
8.574586 15.825550 0.950797 15.980283 -0.043566 0.777143 -0.049878 0.625830
8.708578 17.409609 0.915777 15.757728 -0.031899 0.784618 -0.052082 0.616964
8.842466 18.749235 0.834234 14.886663 -0.019956 0.787900 -0.051100 0.613355
8.976476 20.146515 0.781720 14.108942 -0.012483 0.790219 -0.047469 0.610855
9.110475 21.655071 0.829594 13.577934 -0.009774 0.792279 -0.043533 0.608525
9.311490 22.221247 0.966885 15.068100 -0.012613 0.793037 -0.039774 0.607742
9.445396 23.690189 0.950044 14.434124 -0.026052 0.789302 -0.032328 0.612599
9.646391 24.486892 0.881381 13.048285 -0.027933 0.782561 -0.041401 0.620568
9.847403 25.956593 1.005309 12.428108 -0.027844 0.779673 -0.044552 0.623979
10.048145 27.510892 1.271826 12.157697 -0.042486 0.775882 -0.022988 0.629026
10.249251 28.940875 1.523940 11.485693 -0.052009 0.771381 -0.009036 0.634180
10.383305 29.505850 1.399201 9.993968 -0.052228 0.760441 -0.009710 0.647231
10.584178 29.622237 -0.188099 10.158087 -0.052228 0.760441 -0.009710 0.647231
10.718390 31.041530 0.050431 9.459008 -0.073339 0.765024 0.010920 0.639719
10.986203 31.469973 1.530857 9.029152 -0.072274 0.773957 0.005341 0.629077
11.186997 31.157457 -0.033534 9.151682 -0.043515 0.780422 -0.026778 0.623162
11.321149 30.832462 -1.549589 9.546593 -0.013794 0.792372 -0.086616 0.603700
11.522098 31.363159 -0.137354 9.013721 -0.037160 0.822665 -0.077822 0.561947
11.722974 30.708054 -0.243714 7.557862 -0.069067 0.861316 -0.036153 0.502053
11.924015 30.228529 -0.581914 6.069347 -0.077543 0.893746 -0.037459 0.440230
12.125078 29.483105 -0.908454 4.691771 -0.057351 0.914400 -0.084638 0.391690
12.327320 29.634410 0.584060 4.135436 -0.029259 0.924783 -0.109085 0.363347
12.527743 31.193799 0.549867 3.778875 -0.027476 0.932297 -0.089868 0.349272
12.727924 32.580008 0.336237 3.008949 -0.030179 0.932544 -0.079622 0.350872
12.861762 33.788009 0.108921 1.984712 -0.033140 0.928729 -0.072846 0.362020
12.996417 34.933330 -0.007665 0.873565 -0.028816 0.916221 -0.066932 0.393990
13.196830 33.333939 -0.017072 0.916670 -0.036871 0.905769 -0.065482 0.417055
13.464600 34.449662 -0.193346 -0.216506 -0.042191 0.900475 -0.068035 0.427477
13.665685 35.405018 0.160129 1.017330 -0.033981 0.883358 -0.067671 0.462542
13.874745 36.870483 0.451932 0.445261 -0.030610 0.861284 -0.044323 0.505261
14.067633 36.604888 0.289652 -1.124173 -0.041832 0.836872 -0.034827 0.544686
14.268652 38.189320 0.239731 -1.341155 -0.065487 0.824063 -0.048885 0.560573
14.469581 39.699153 -0.281875 -1.249866 -0.066468 0.809722 -0.076490 0.577999
14.670445 41.095417 0.218625 -1.849820 -0.025545 0.799936 -0.098289 0.591430
14.871611 39.948162 0.016617 -2.946633 -0.017428 0.792073 -0.082673 0.604550
15.072441 39.761391 -0.284434 -4.506917 -0.026074 0.789999 -0.073633 0.608112
15.206568 40.749746 -0.732212 -5.682777 -0.037078 0.792976 -0.074145 0.603587
15.340478 42.318129 -0.851715 -5.975853 -0.044768 0.800325 -0.089478 0.591159
15.610489 41.799993 -1.160099 -7.457891 -0.043013 0.800383 -0.091793 0.590857
15.742209 41.329604 -1.476908 -8.954008 -0.043013 0.800383 -0.091793 0.590857
15.876335 40.843971 -1.786004 -10.446864 -0.043599 0.800305 -0.091064 0.591031
16.010338 42.228295 -1.943353 -11.233559 -0.041037 0.806073 -0.090293 0.583446
16.211274 41.742039 -2.251126 -12.726486 -0.040466 0.806000 -0.091061 0.583468
16.345238 43.197988 -2.261962 -13.389883 -0.042495 0.815050 -0.091201 0.570588
16.546233 44.559730 -2.285794 -14.229580 -0.045374 0.822355 -0.087650 0.560349
16.680260 45.647419 -2.514844 -15.380435 -0.050308 0.835716 -0.083489 0.540443
16.881117 46.888833 -2.653899 -16.380213 -0.051048 0.854464 -0.083109 0.510273
17.082167 48.089582 -2.603392 -17.436456 -0.059733 0.883077 -0.083045 0.457942
17.350041 49.210159 -2.628075 -18.578253 -0.066169 0.897039 -0.079219 0.429729
17.484121 50.514497 -2.863068 -19.474622 -0.069835 0.915633 -0.074482 0.388833
17.685059 51.458189 -3.225029 -20.714957 -0.053907 0.926943 -0.085351 0.361366
17.952831 52.451751 -3.404969 -21.956108 -0.043461 0.928803 -0.089819 0.356887
18.086970 53.345049 -3.662733 -23.258252 -0.033080 0.931346 -0.087751 0.351852
18.287980 52.242585 -3.862276 -24.400511 -0.032474 0.931565 -0.088710 0.351089
18.421973 53.135946 -4.215052 -25.680142 -0.034724 0.931973 -0.094286 0.348327
18.555747 54.727089 -4.239971 -25.846404 -0.037074 0.932746 -0.105225 0.342839
18.756859 55.763197 -4.296671 -27.064298 -0.032859 0.933277 -0.107190 0.341212
19.028794 56.723800 -4.407520 -28.339035 -0.036289 0.940153 -0.096710 0.324720
19.292798 57.382482 -4.662011 -29.774783 -0.040760 0.944622 -0.096255 0.311067
19.429897 58.262818 -4.908575 -31.087877 -0.041672 0.954083 -0.102976 0.278181
19.694585 56.931625 -4.912674 -31.975519 -0.037697 0.960375 -0.100776 0.257105
19.895695 57.790780 -5.002003 -33.322320 -0.038854 0.965362 -0.095766 0.239573
20.029728 58.268543 -5.201816 -34.836195 -0.043766 0.974151 -0.084789 0.204759
20.297590 59.037354 -5.340181 -36.232542 -0.044168 0.978346 -0.080378 0.185544
20.432022 59.209129 -5.591756 -37.803275 -0.043573 0.986503 -0.073486 0.139692
20.766355 59.264604 -5.879100 -39.376284 -0.037663 0.992079 -0.073275 0.094824
21.101626 59.429335 -6.383712 -40.885665 -0.032674 0.993391 -0.085820 0.068855
21.369270 59.586041 -6.604962 -42.462526 -0.023154 0.992831 -0.100957 0.059657
21.704487 57.987894 -6.680338 -42.446887 -0.023170 0.993405 -0.096176 0.057967
21.838308 58.193466 -6.945653 -44.011288 -0.025326 0.994278 -0.092804 0.046435
21.972408 58.238335 -7.201259 -45.590101 -0.029120 0.994703 -0.092636 0.033718
22.106318 58.003274 -7.586763 -47.125071 -0.031425 0.994865 -0.094109 0.019990
22.240321 57.619549 -7.818384 -48.661010 0.031086 -0.994832 0.096616 0.002834
22.441217 57.258976 -8.076614 -50.198314 0.028083 -0.994654 0.095424 0.027736
22.642198 57.330940 -8.304962 -51.780299 0.026013 -0.994360 0.092537 0.044821
22.776232 57.085487 -8.529339 -53.345358 0.024472 -0.993799 0.088419 0.062826
22.910110 56.583066 -8.739849 -54.849771 0.022948 -0.992987 0.082368 0.081647
23.043995 55.397692 -8.874658 -55.915939 0.022455 -0.991267 0.073153 0.107397
23.178096 54.803669 -9.130579 -57.379374 0.023505 -0.985141 0.063158 0.157973
23.379114 53.719243 -9.539266 -58.482549 0.024881 -0.978451 0.059334 0.196201
23.512988 52.802427 -9.969779 -59.721139 0.022672 -0.969901 0.063002 0.234113
23.646878 54.255775 -9.834236 -59.065848 0.020065 -0.965219 0.065746 0.252246
23.714015 52.853686 -9.487487 -59.754260 0.012665 -0.955827 0.067195 0.285865
23.848052 54.131867 -9.785533 -58.839153 0.009454 -0.951043 0.064276 0.302152
23.915026 53.189034 -9.981942 -60.116841 0.003386 -0.941063 0.053910 0.333891
24.048906 52.856069 -11.246860 -61.038317 -0.002901 -0.932170 0.046312 0.359036
24.182684 52.201720 -9.901574 -61.605797 -0.004351 -0.929518 0.073844 0.361280
24.317217 51.418333 -10.153894 -62.977890 -0.007703 -0.931034 0.088005 0.354079
24.450883 50.683224 -10.340613 -64.386702 -0.014943 -0.936993 0.094634 0.335955
24.651837 49.313241 -10.498266 -65.198054 -0.015369 -0.942500 0.093182 0.320584
24.785832 48.350662 -10.803935 -66.439025 -0.008657 -0.950294 0.093414 0.296883
24.986838 47.695771 -11.217955 -67.838920 -0.003880 -0.955554 0.096783 0.278449
25.120857 46.682356 -11.521902 -69.039172 -0.002116 -0.961422 0.098803 0.256711
25.254723 45.489730 -11.726572 -70.085954 -0.002859 -0.969841 0.097730 0.223269
25.455706 44.442626 -11.737669 -71.295686 -0.003730 -0.972243 0.094703 0.213920
25.522757 43.758266 -11.744531 -72.741924 -0.001531 -0.976931 0.069098 0.202063
25.723739 43.108952 -12.133473 -74.151575 0.000251 -0.977236 0.059558 0.203623
25.791086 41.960355 -13.093700 -74.716100 0.009214 -0.973578 0.054968 0.221450
25.924646 40.667354 -13.559558 -75.535322 0.018414 -0.964855 0.062771 0.254511
26.058953 42.012323 -13.563424 -76.401950 0.020029 -0.950024 0.066429 0.304369
26.196669 40.526798 -13.512085 -75.809852 0.007730 -0.920357 0.056417 0.386912
26.393539 39.039914 -13.993642 -75.467391 -0.004905 -0.894905 0.055429 0.442774
26.527949 38.659116 -15.547248 -75.503453 -0.016801 -0.863941 0.071126 0.498261
26.661660 37.237911 -15.854952 -76.170907 -0.015552 -0.848021 0.083500 0.523112
26.728563 36.423910 -16.272108 -74.858130 -0.000568 -0.812802 0.110081 0.572045
26.932020 36.109986 -15.083144 -75.881759 0.003810 -0.795827 0.116744 0.594151
27.063451 34.849713 -14.664285 -76.774098 -0.005169 -0.786469 0.108216 0.608054
27.197419 33.333520 -14.153252 -76.773145 -0.014005 -0.782790 0.096557 0.614590
27.331390 32.151925 -13.333492 -77.474450 -0.013792 -0.780519 0.094481 0.617797
27.465390 30.605923 -13.492806 -77.854577 -0.010546 -0.780044 0.096351 0.618172
27.599504 29.332468 -12.738179 -78.461908 -0.014579 -0.784494 0.100192 0.611816
27.733391 27.888143 -12.635933 -79.142696 -0.023782 -0.794147 0.097041 0.599457
27.867399 26.753898 -11.848608 -79.951156 -0.030841 -0.808879 0.097123 0.579077
28.001446 25.761833 -10.604913 -80.121539 -0.028113 -0.827050 0.100049 0.552439
28.135124 26.844993 -11.176593 -79.092002 -0.024586 -0.844141 0.106516 0.524857
28.269316 25.329693 -11.264655 -79.598076 -0.017457 -0.868577 0.116026 0.481464
28.470614 23.927032 -11.537604 -80.317826 -0.016374 -0.875002 0.117184 0.469437
28.537207 22.543658 -11.692501 -81.106675 -0.009897 -0.882280 0.117891 0.455615
28.671051 21.474774 -11.982811 -82.261320 -0.004227 -0.886323 0.112407 0.449197
28.805169 20.240485 -12.244155 -83.245308 -0.000888 -0.888764 0.107252 0.445640
28.939205 19.019205 -12.602180 -84.214994 0.000515 -0.889806 0.108751 0.443190
29.073450 17.660690 -12.948229 -84.986154 0.000672 -0.889780 0.112274 0.442363
29.207071 16.411383 -13.210745 -85.950684 0.000086 -0.887929 0.114487 0.445505
29.341092 14.998664 -13.402028 -86.677069 -0.001019 -0.883262 0.117572 0.453899
29.542113 13.531425 -13.553002 -87.297084 -0.000420 -0.877642 0.112236 0.465992
29.676075 12.001537 -13.740996 -87.726152 -0.002378 -0.868922 0.104751 0.483732
29.809855 10.477746 -13.901263 -88.186994 -0.005198 -0.845996 0.099670 0.523765
30.010970 8.883587 -13.972139 -88.303760 -0.006426 -0.826400 0.093023 0.555310
30.144992 9.171477 -14.028868 -86.730896 -0.012196 -0.788711 0.080380 0.609364
30.345856 7.585539 -14.186847 -86.590023 -0.016993 -0.774803 0.075809 0.627410
30.412754 6.063638 -14.132490 -87.080800 -0.033475 -0.722521 0.063294 0.687631
30.613886 4.478695 -14.083649 -86.867332 -0.042735 -0.678509 0.055308 0.731259
30.747892 3.029755 -14.626520 -86.460068 -0.050009 -0.627510 0.050588 0.775353
30.881779 1.794280 -14.894098 -87.440885 -0.054242 -0.566895 0.053130 0.820283
31.015925 0.269854 -15.368907 -87.337523 -0.055728 -0.475749 0.057887 0.875903
