0.000000 0.000000 0.000000 0.000000 -0.000000 -0.000000 0.000000 1.000000
0.334892 -0.082225 0.004824 0.233907 0.000015 0.003119 -0.000032 0.999995
0.535938 -0.072869 0.012150 0.608384 -0.005205 -0.000215 0.000537 0.999986
0.803929 -0.056422 0.053060 1.135084 -0.009091 -0.016840 0.005859 0.999800
1.138818 -0.129523 0.095290 1.556282 -0.008462 -0.030547 0.007300 0.999471
1.406840 -0.468064 0.087621 1.534735 -0.007511 -0.030483 0.007329 0.999480
1.607573 -0.091543 -0.073945 2.914656 -0.003043 -0.027969 0.003320 0.999599
2.411642 0.026684 -0.030418 3.399061 -0.000071 -0.020019 0.001838 0.999798
2.746410 0.215420 0.015511 3.913694 0.000932 -0.013121 0.000259 0.999913
3.081544 0.462329 0.108101 4.446345 0.001668 -0.006927 0.001773 0.999973
3.416437 0.945680 0.112966 4.454667 0.002620 -0.006893 0.001781 0.999971
3.684429 1.206156 -0.006326 3.746649 0.002956 0.004793 -0.001442 0.999983
4.086357 1.747680 -0.004562 3.721506 0.003918 0.005004 -0.001438 0.999979
4.354250 2.246958 0.007960 3.720056 0.004100 0.003661 -0.001433 0.999984
4.622309 2.403087 0.111232 4.621827 -0.001034 0.018302 -0.003890 0.999824
5.091248 2.479764 0.174204 4.984527 -0.013003 0.035173 -0.008487 0.999261
5.292238 2.998438 0.240600 5.279215 -0.017516 0.071931 -0.014940 0.997144
5.627113 3.623595 0.205768 5.198570 -0.030222 0.107518 -0.022285 0.993494
5.962099 4.088536 0.321889 5.590574 -0.053620 0.158985 -0.019514 0.985631
6.296986 4.683369 0.392774 5.929945 -0.064899 0.266204 -0.031829 0.961203
6.700073 5.571906 0.382840 5.976881 -0.057431 0.484875 -0.032220 0.872101
7.301746 5.287545 0.385488 6.044750 -0.045006 0.555708 -0.039427 0.829222
7.502790 5.145192 0.389391 6.426855 -0.030529 0.633405 -0.046369 0.771826
7.770723 4.899512 0.351748 6.192438 -0.035800 0.690140 -0.045754 0.721341
8.038739 5.151301 0.374440 6.202856 -0.045696 0.721378 -0.046918 0.689438
8.239591 5.332805 0.384208 6.186645 -0.053221 0.739339 -0.049423 0.669404
8.373480 5.574260 0.372689 6.106061 -0.057972 0.763130 -0.052851 0.641466
8.574586 5.716988 0.364924 6.068143 -0.052193 0.775487 -0.055817 0.626722
8.708578 5.881612 0.361850 6.045607 -0.040458 0.782989 -0.058105 0.617992
8.842466 6.019249 0.352556 5.956932 -0.028491 0.786324 -0.057149 0.614506
8.976476 6.165730 0.346339 5.876136 -0.021006 0.788707 -0.053537 0.612074
9.110475 6.392947 0.353352 5.796793 -0.018287 0.790818 -0.049626 0.609762
9.311490 6.443811 0.368845 5.931881 -0.021126 0.791607 -0.045881 0.608940
9.445396 6.674770 0.365639 5.833121 -0.034613 0.787897 -0.038404 0.613633
9.646391 6.804925 0.350774 5.608745 -0.036539 0.781047 -0.047387 0.621599
9.847403 7.055140 0.371291 5.503605 -0.036470 0.778123 -0.050498 0.625016
10.048145 7.347780 0.422289 5.452560 -0.051184 0.774495 -0.028904 0.629843
10.249251 7.561071 0.459186 5.352279 -0.060766 0.770097 -0.014907 0.634851
10.383305 7.685715 0.426155 5.027342 -0.061081 0.759130 -0.015431 0.647884
10.584178 7.705419 0.177965 5.058133 -0.061081 0.759130 -0.015431 0.647884
10.718390 8.093415 0.241706 4.867032 -0.082162 0.763866 0.005097 0.640103
10.986203 8.168496 0.504815 4.785241 -0.081008 0.772763 -0.000604 0.629504
11.186997 8.132664 0.320058 4.803324 -0.052162 0.779003 -0.032759 0.623988
11.321149 8.081788 0.077654 4.871455 -0.022190 0.790473 -0.092728 0.605030
11.522098 8.156532 0.278129 4.791585 -0.045243 0.820845 -0.084405 0.563065
11.722974 8.079324 0.261531 4.618657 -0.076730 0.859907 -0.043363 0.502784
11.924015 8.026930 0.220403 4.454292 -0.084683 0.892392 -0.045201 0.440934
12.125078 7.959145 0.187491 4.328356 -0.063995 0.912708 -0.092704 0.392778
12.327320 7.966856 0.266936 4.296952 -0.035613 0.922976 -0.117298 0.364811
12.527743 8.020982 0.265840 4.284778 -0.033742 0.930711 -0.098199 0.350707
12.727924 8.044475 0.262114 4.271911 -0.036478 0.931050 -0.087955 0.352249
12.861762 8.070134 0.257029 4.250418 -0.039549 0.927276 -0.081111 0.363339
12.996417 8.203626 0.241729 4.122090 -0.035518 0.914793 -0.074965 0.395313
13.196830 7.982660 0.239171 4.127396 -0.043774 0.904295 -0.073351 0.418274
13.464600 8.109582 0.217414 3.999839 -0.049178 0.898942 -0.075827 0.428642
13.665685 8.270613 0.282585 4.208397 -0.041269 0.881801 -0.075170 0.463760
13.874745 8.520919 0.332014 4.110466 -0.038296 0.859907 -0.051463 0.506404
14.067633 8.467578 0.291852 3.788554 -0.049852 0.835495 -0.041617 0.545646
14.268652 8.764003 0.283553 3.749086 -0.073604 0.822448 -0.055533 0.561318
14.469581 9.034202 0.192417 3.768086 -0.074673 0.807800 -0.082939 0.578796
14.670445 9.230794 0.262461 3.682738 -0.033823 0.797901 -0.104533 0.592691
14.871611 9.089295 0.233829 3.546994 -0.025838 0.790201 -0.088786 0.605831
15.072441 9.077129 0.211280 3.441899 -0.034527 0.788185 -0.079728 0.609275
15.206568 9.153422 0.175608 3.352664 -0.045494 0.791130 -0.080300 0.604645
15.340478 9.386182 0.158473 3.310290 -0.053057 0.798320 -0.095758 0.592200
15.610489 9.354439 0.137290 3.218624 -0.051296 0.798360 -0.098071 0.591922
15.742209 9.323665 0.114076 3.119674 -0.051296 0.798360 -0.098071 0.591922
15.876335 9.290705 0.090537 3.017292 -0.051885 0.798288 -0.097341 0.592088
16.010338 9.468336 0.069482 2.917564 -0.049265 0.804083 -0.096648 0.584536
16.211274 9.419007 0.034434 2.764527 -0.048693 0.804004 -0.097414 0.584566
16.345238 9.697338 0.031554 2.638809 -0.050620 0.813065 -0.097688 0.571681
16.546233 9.895803 0.026869 2.517378 -0.053424 0.820413 -0.094247 0.561414
16.680260 10.118666 -0.023170 2.284327 -0.058206 0.833830 -0.090290 0.541467
16.881117 10.374781 -0.054300 2.080125 -0.058701 0.852626 -0.090194 0.511320
17.082167 10.731665 -0.043404 1.767828 -0.066948 0.881293 -0.090594 0.458949
17.350041 10.875482 -0.048603 1.622308 -0.073150 0.895317 -0.087006 0.430682
17.484121 11.155024 -0.100902 1.432728 -0.076469 0.914010 -0.082589 0.389767
17.685059 11.430603 -0.211421 1.075894 -0.060284 0.925302 -0.093631 0.362512
17.952831 11.546458 -0.234468 0.932699 -0.049792 0.927156 -0.098116 0.358155
18.086970 11.713952 -0.286321 0.691623 -0.039372 0.929760 -0.096073 0.353223
18.287980 11.576509 -0.315040 0.548696 -0.038758 0.929972 -0.097036 0.352469
18.421973 11.686422 -0.360596 0.393581 -0.040973 0.930321 -0.102628 0.349702
18.555747 11.956184 -0.363702 0.366318 -0.043252 0.930985 -0.113595 0.344227
18.756859 12.199758 -0.381194 0.082231 -0.039020 0.931512 -0.115563 0.342648
19.028794 12.447811 -0.414717 -0.243938 -0.042322 0.938508 -0.105209 0.326102
19.292798 12.530120 -0.449284 -0.420779 -0.046669 0.942989 -0.104848 0.312410
19.429897 12.810535 -0.533919 -0.833854 -0.047270 0.952431 -0.111768 0.279552
19.694585 12.499656 -0.541000 -1.042487 -0.043106 0.958790 -0.109691 0.258520
19.895695 12.621467 -0.556653 -1.231711 -0.044110 0.963850 -0.104787 0.240970
20.029728 12.784360 -0.633159 -1.739477 -0.048716 0.972788 -0.094015 0.206088
20.297590 12.917017 -0.660855 -1.977843 -0.048944 0.977056 -0.089707 0.186863
20.432022 12.982740 -0.764803 -2.554595 -0.047924 0.985355 -0.083038 0.141011
20.766355 13.003511 -0.871105 -3.077403 -0.041580 0.991021 -0.083014 0.096213
21.101626 13.044431 -0.997632 -3.432558 -0.036315 0.992263 -0.095644 0.070336
21.369270 13.093178 -1.072936 -3.902333 -0.026678 0.991594 -0.110789 0.061281
21.704487 12.894564 -1.083505 -3.900807 -0.026687 0.992219 -0.106018 0.059577
21.838308 12.921149 -1.120521 -4.096029 -0.028735 0.993138 -0.102695 0.048014
21.972408 12.926946 -1.152851 -4.273243 -0.032401 0.993572 -0.102577 0.035261
22.106318 12.896718 -1.208285 -4.475954 -0.034566 0.993733 -0.104098 0.021514
22.240321 12.824604 -1.258892 -4.768714 0.033994 -0.993712 0.106675 0.001296
22.441217 12.754388 -1.316664 -5.072688 0.030742 -0.993594 0.105553 0.026171
22.642198 12.765640 -1.353928 -5.298986 0.028504 -0.993362 0.102713 0.043243
22.776232 12.729084 -1.393272 -5.537652 0.026786 -0.992875 0.098643 0.061246
22.910110 12.662281 -1.426093 -5.739733 0.025081 -0.992158 0.092640 0.080071
23.043995 12.466959 -1.453149 -5.916158 0.024337 -0.990573 0.083488 0.105846
23.178096 12.333455 -1.518790 -6.247728 0.024875 -0.984623 0.073590 0.156470
23.379114 12.167189 -1.586252 -6.417025 0.025851 -0.978027 0.069820 0.194732
23.512988 12.053179 -1.644002 -6.571403 0.023229 -0.969507 0.073516 0.232621
23.646878 12.174295 -1.630828 -6.516551 0.020421 -0.964833 0.076265 0.250726
23.714015 12.005181 -1.591736 -6.600929 0.012652 -0.955503 0.077713 0.284279
23.848052 12.106637 -1.613314 -6.527459 0.009267 -0.950784 0.074792 0.300549
23.915026 11.997176 -1.639926 -6.676478 0.002865 -0.940977 0.064414 0.332273
24.048906 11.955043 -1.807985 -6.793749 -0.003691 -0.932219 0.056796 0.357390
24.182684 11.869319 -1.635522 -6.871119 -0.005214 -0.929299 0.084305 0.359539
24.317217 11.768931 -1.672289 -7.047906 -0.008511 -0.930671 0.098452 0.352258
24.450883 11.648869 -1.708432 -7.279485 -0.015559 -0.936558 0.105073 0.334032
24.651837 11.519762 -1.725674 -7.356226 -0.015812 -0.942057 0.103628 0.318654
24.785832 11.374325 -1.776836 -7.544346 -0.008838 -0.949790 0.103876 0.295008
24.986838 11.299150 -1.828606 -7.706014 -0.003864 -0.954973 0.107247 0.276605
25.120857 11.180010 -1.868135 -7.847533 -0.001866 -0.960781 0.109262 0.254871
25.254723 10.968704 -1.909598 -8.033596 -0.002246 -0.969160 0.108168 0.221413
25.455706 10.914192 -1.911790 -8.096955 -0.003010 -0.971580 0.105135 0.212061
25.522757 10.800256 -1.918531 -8.339658 -0.000637 -0.976500 0.079546 0.200299
25.723739 10.757289 -1.946705 -8.433531 0.001144 -0.976898 0.070017 0.201906
25.791086 10.642901 -2.044819 -8.488535 0.009923 -0.973286 0.065459 0.219843
25.924646 10.490620 -2.102810 -8.584769 0.018751 -0.964508 0.073291 0.252984
26.058953 10.653115 -2.104365 -8.688733 0.019813 -0.949714 0.076957 0.302867
26.196669 10.410163 -2.095552 -8.592968 0.006608 -0.920316 0.066885 0.385359
26.393539 10.267653 -2.141986 -8.559615 -0.006666 -0.895001 0.065794 0.441134
26.527949 10.226590 -2.314211 -8.560273 -0.019240 -0.864005 0.081333 0.496498
26.661660 10.159382 -2.329858 -8.591833 -0.018310 -0.847996 0.093625 0.521346
26.728563 10.015577 -2.399637 -8.359366 -0.003969 -0.812541 0.120026 0.570399
26.932020 9.987399 -2.296305 -8.452255 0.000122 -0.795522 0.126592 0.592553
27.063451 9.868352 -2.259178 -8.537707 -0.009012 -0.786299 0.118000 0.606406
27.197419 9.742062 -2.217493 -8.538868 -0.017906 -0.782775 0.106312 0.612895
27.331390 9.662941 -2.164178 -8.587050 -0.017729 -0.780529 0.104223 0.616114
27.465390 9.530210 -2.179359 -8.619856 -0.014491 -0.780027 0.106095 0.616516
27.599504 9.414544 -2.112805 -8.676620 -0.018453 -0.784440 0.109954 0.610102
27.733391 9.308810 -2.106977 -8.726976 -0.027496 -0.794133 0.106847 0.597645
27.867399 9.211635 -2.041669 -8.797738 -0.034304 -0.808855 0.107004 0.577172
28.001446 9.133925 -1.945711 -8.813168 -0.031256 -0.826944 0.110034 0.550526
28.135124 9.208454 -1.983141 -8.741340 -0.027409 -0.843916 0.116592 0.522935
28.269316 8.946617 -2.001773 -8.829389 -0.019783 -0.868165 0.126223 0.479547
28.470614 8.870853 -2.017813 -8.868304 -0.018560 -0.874556 0.127411 0.467519
28.537207 8.685035 -2.041966 -8.974659 -0.011923 -0.881785 0.128158 0.453749
28.671051 8.560347 -2.079503 -9.109716 -0.006168 -0.885855 0.122704 0.447399
28.805169 8.388223 -2.119929 -9.247231 -0.002778 -0.888332 0.117568 0.443888
28.939205 8.220269 -2.173116 -9.380660 -0.001349 -0.889351 0.119072 0.441446
29.073450 8.061461 -2.216511 -9.470766 -0.001190 -0.889288 0.122592 0.440610
29.207071 7.914803 -2.250642 -9.584226 -0.001817 -0.887421 0.124795 0.443742
29.341092 7.706824 -2.282323 -9.691477 -0.003026 -0.882739 0.127857 0.452122
29.542113 7.577539 -2.297559 -9.746335 -0.002557 -0.877190 0.122504 0.464245
29.676075 7.452637 -2.314416 -9.781489 -0.004708 -0.868580 0.114984 0.482002
29.809855 7.193516 -2.344905 -9.860210 -0.007994 -0.845778 0.109792 0.522055
30.010970 7.005141 -2.354737 -9.874419 -0.009590 -0.826302 0.103044 0.553638
30.144992 7.064194 -2.359594 -9.546135 -0.016001 -0.788845 0.090182 0.607729
30.345856 6.922895 -2.374301 -9.533731 -0.021016 -0.775027 0.085520 0.625762
30.412754 6.581272 -2.366442 -9.645254 -0.038245 -0.723018 0.072641 0.685934
30.613886 6.366193 -2.360579 -9.617099 -0.048067 -0.679186 0.064333 0.729559
30.747892 6.136047 -2.447049 -9.551295 -0.055935 -0.628328 0.059226 0.773671
30.881779 5.943467 -2.493204 -9.704493 -0.060812 -0.567775 0.061292 0.818643
31.015925 5.637769 -2.590056 -9.682749 -0.063148 -0.476677 0.065302 0.874372
