0.000000000000000000e+00 -0.000000000000000000e+00 -0.000000000000000000e+00 -0.000000000000000000e+00 -0.000000000000000000e+00 -0.000000000000000000e+00 -0.000000000000000000e+00 1.000000000000000000e+00
1.000000000000000000e+00 -1.369713991880416870e-01 4.083852097392082214e-02 -1.851900815963745117e-01 6.384036038070917130e-03 -2.548781596124172211e-02 9.967068908736109734e-04 9.996542930603027344e-01
2.000000000000000000e+00 -1.371650397777557373e-01 4.140263050794601440e-02 -2.499202042818069458e-01 1.670895144343376160e-02 -8.131781592965126038e-03 -3.718445543199777603e-03 9.998204708099365234e-01
3.000000000000000000e+00 -1.264894455671310425e-01 4.184384271502494812e-02 -2.337463796138763428e-01 1.213744934648275375e-02 3.493547812104225159e-02 -7.782255765050649643e-03 9.992856383323669434e-01
4.000000000000000000e+00 8.149734698235988617e-03 4.906941205263137817e-02 -2.364974915981292725e-01 -2.958991378545761108e-02 5.775828287005424500e-02 -3.006733208894729614e-02 9.974389076232910156e-01
5.000000000000000000e+00 7.332123816013336182e-02 4.622390493750572205e-02 -1.965563148260116577e-01 -1.965819112956523895e-02 8.436034619808197021e-02 8.782502263784408569e-04 9.962410330772399902e-01
6.000000000000000000e+00 7.956574857234954834e-02 4.422629624605178833e-02 -1.950072199106216431e-01 -9.885102510452270508e-03 1.781501024961471558e-01 1.071554375812411308e-03 9.839531183242797852e-01
7.000000000000000000e+00 9.380871802568435669e-02 4.530619084835052490e-02 -1.921931654214859009e-01 -2.210438996553421021e-02 1.592632681131362915e-01 4.058493301272392273e-03 9.869803190231323242e-01
8.000000000000000000e+00 1.029941067099571228e-01 4.512540251016616821e-02 -1.934309303760528564e-01 -5.466298386454582214e-02 1.243802458047866821e-01 1.203102059662342072e-02 9.906547665596008301e-01
9.000000000000000000e+00 1.429175585508346558e-01 4.021380841732025146e-02 -2.155721634626388550e-01 -8.323317160829901695e-04 1.836207062005996704e-01 -9.014083072543144226e-03 9.829555153846740723e-01
1.000000000000000000e+01 1.098238080739974976e-01 4.655263200402259827e-02 -1.552192270755767822e-01 -2.106227166950702667e-02 2.162151783704757690e-01 -9.160698391497135162e-03 9.760755300521850586e-01
1.100000000000000000e+01 1.557296961545944214e-01 5.033106356859207153e-02 -1.474976688623428345e-01 -4.045176506042480469e-02 2.158851027488708496e-01 -9.676613844931125641e-03 9.755325317382812500e-01
1.200000000000000000e+01 1.944579333066940308e-01 4.071765765547752380e-02 -1.936687380075454712e-01 -4.208258911967277527e-02 1.951557844877243042e-01 -2.108667977154254913e-02 9.796421527862548828e-01
1.300000000000000000e+01 1.740488111972808838e-01 3.902379795908927917e-02 -1.748898625373840332e-01 -2.204810082912445068e-02 2.227086573839187622e-01 -9.303169324994087219e-03 9.745913147926330566e-01
1.400000000000000000e+01 1.844155788421630859e-01 4.038324207067489624e-02 -1.634159833192825317e-01 -1.667185686528682709e-02 2.562692165374755859e-01 -4.707104060798883438e-03 9.664502143859863281e-01
1.500000000000000000e+01 2.282029241323471069e-01 4.873378947377204895e-02 -1.768686473369598389e-01 -4.111209511756896973e-02 3.501384854316711426e-01 -2.036095783114433289e-02 9.355737566947937012e-01
1.600000000000000000e+01 2.422793805599212646e-01 5.035222321748733521e-02 -1.684660166501998901e-01 -2.512726560235023499e-02 4.559951126575469971e-01 -1.214021351188421249e-02 8.895447254180908203e-01
1.700000000000000000e+01 2.635861337184906006e-01 5.229948833584785461e-02 -1.638153195381164551e-01 -2.254479564726352692e-02 4.720835387706756592e-01 -2.039865590631961823e-02 8.810294270515441895e-01
1.800000000000000000e+01 2.804985940456390381e-01 5.532766878604888916e-02 -1.529816687107086182e-01 -4.424478858709335327e-02 5.821472406387329102e-01 -2.869384922087192535e-02 8.113714456558227539e-01
1.900000000000000000e+01 3.079073131084442139e-01 5.481254309415817261e-02 -1.493013948202133179e-01 -2.742922492325305939e-02 6.994435191154479980e-01 -3.337336704134941101e-02 7.133811712265014648e-01
2.000000000000000000e+01 3.226813077926635742e-01 5.518776923418045044e-02 -1.510802358388900757e-01 -3.908723592758178711e-02 7.448648810386657715e-01 -4.048263654112815857e-02 6.648381352424621582e-01
2.100000000000000000e+01 3.343142867088317871e-01 5.570654571056365967e-02 -1.547893285751342773e-01 -5.410862341523170471e-02 8.118532896041870117e-01 -2.633856981992721558e-02 5.807520151138305664e-01
2.200000000000000000e+01 3.411235213279724121e-01 5.534636229276657104e-02 -1.606684625148773193e-01 -5.892761796712875366e-02 9.037567973136901855e-01 -3.201513364911079407e-02 4.227602779865264893e-01
2.300000000000000000e+01 3.561726808547973633e-01 5.557547882199287415e-02 -1.666975021362304688e-01 -4.046601802110671997e-02 9.368792176246643066e-01 -3.435489162802696228e-02 3.456005156040191650e-01
2.400000000000000000e+01 3.620309829711914062e-01 5.540530011057853699e-02 -1.756710112094879150e-01 -3.472959250211715698e-02 8.944913744926452637e-01 -3.484965860843658447e-02 4.443697929382324219e-01
2.500000000000000000e+01 3.695721626281738281e-01 5.558729544281959534e-02 -1.819936037063598633e-01 -6.740105897188186646e-02 8.781378269195556641e-01 -5.824924446642398834e-03 4.736002385616302490e-01
2.600000000000000000e+01 4.767135679721832275e-01 9.192512184381484985e-02 -2.473677992820739746e-01 -9.366586059331893921e-02 9.022519588470458984e-01 -8.478295058012008667e-02 4.122863113880157471e-01
2.700000000000000000e+01 4.907100796699523926e-01 1.021769940853118896e-01 -2.601234316825866699e-01 -5.063392221927642822e-02 9.495734572410583496e-01 -1.278069466352462769e-01 2.818012535572052002e-01
2.800000000000000000e+01 5.025711059570312500e-01 1.020742729306221008e-01 -2.723147273063659668e-01 -5.345938354730606079e-02 9.406743645668029785e-01 -1.011660099029541016e-01 3.194359838962554932e-01
2.900000000000000000e+01 5.073770284652709961e-01 9.826271981000900269e-02 -2.783738970756530762e-01 -6.428924202919006348e-02 8.841537237167358398e-01 -1.008706018328666687e-01 4.516241252422332764e-01
3.000000000000000000e+01 5.141889452934265137e-01 9.513203054666519165e-02 -2.852534651756286621e-01 -7.443124055862426758e-02 8.769181370735168457e-01 -1.003780737519264221e-01 4.641107618808746338e-01
3.100000000000000000e+01 5.149579048156738281e-01 9.315622597932815552e-02 -2.941970229148864746e-01 -8.639793097972869873e-02 9.267005324363708496e-01 -1.021291762590408325e-01 3.511853814125061035e-01
3.200000000000000000e+01 4.747779369354248047e-01 8.710324764251708984e-02 -3.135370016098022461e-01 -7.881914079189300537e-02 9.311613440513610840e-01 -8.845756947994232178e-02 3.448208272457122803e-01
