0.000000 0.000000 0.000000 0.000000 0.010058 0.001558 -0.003105 0.999943
0.334892 -0.081479 0.000624 0.234217 0.010083 0.004677 -0.003106 0.999933
0.535938 -0.070934 0.000354 0.608733 0.004854 0.001353 -0.002562 0.999984
0.803929 -0.052624 0.030553 1.136095 0.000922 -0.015312 0.002599 0.999879
1.138818 -0.124174 0.064748 1.558287 0.001508 -0.029036 0.003903 0.999570
1.406840 -0.462820 0.059606 1.537667 0.002460 -0.028975 0.003931 0.999569
1.607573 -0.083103 -0.132022 2.912857 0.006930 -0.026434 -0.000060 0.999627
2.411642 0.036871 -0.098984 3.397660 0.009926 -0.018478 -0.001468 0.999779
2.746410 0.227460 -0.064588 3.912510 0.010949 -0.011568 -0.002979 0.999869
3.081544 0.476567 0.015736 4.446128 0.011707 -0.005392 -0.001404 0.999916
3.416437 0.959962 0.017447 4.453010 0.012660 -0.005361 -0.001398 0.999905
3.684429 1.217526 -0.089179 3.741913 0.013026 0.006356 -0.004504 0.999885
4.086357 1.758971 -0.090255 3.715089 0.013989 0.006564 -0.004499 0.999870
4.354250 2.258311 -0.080791 3.712305 0.014167 0.005221 -0.004508 0.999876
4.622309 2.417833 0.003345 4.615469 0.009074 0.019901 -0.006808 0.999738
5.091248 2.496009 0.058530 4.979117 -0.002855 0.036853 -0.011215 0.999254
5.292238 3.015985 0.115776 5.273430 -0.007285 0.073685 -0.017285 0.997105
5.627113 3.640663 0.078712 5.190115 -0.019928 0.109378 -0.024240 0.993505
5.962099 4.107514 0.184046 5.582895 -0.043240 0.160875 -0.020890 0.985806
6.296986 4.703811 0.244411 5.921730 -0.054450 0.268208 -0.032033 0.961287
6.700073 5.592408 0.228044 5.965633 -0.047200 0.486709 -0.029959 0.871773
7.301746 5.308277 0.231083 6.034445 -0.034999 0.557504 -0.036340 0.828639
7.502790 5.167119 0.228175 6.417002 -0.020870 0.635133 -0.042344 0.770959
7.770723 4.920494 0.196775 6.182657 -0.026471 0.691796 -0.040993 0.720443
8.038739 5.172451 0.217697 6.192729 -0.036592 0.723025 -0.041728 0.688589
8.239591 5.353962 0.226667 6.176141 -0.044267 0.741003 -0.043979 0.668597
8.373480 5.595094 0.215281 6.094574 -0.049229 0.764797 -0.047073 0.640660
8.574586 5.737654 0.207400 6.056054 -0.043566 0.777143 -0.049878 0.625830
8.708578 5.902185 0.203762 6.032938 -0.031899 0.784618 -0.052082 0.616964
8.842466 6.039491 0.195405 5.943658 -0.019956 0.787900 -0.051100 0.613355
8.976476 6.185683 0.189910 5.862288 -0.012483 0.790219 -0.047469 0.610855
9.110475 6.412695 0.197115 5.782380 -0.009774 0.792279 -0.043533 0.608525
9.311490 6.464067 0.209572 5.917590 -0.012613 0.793037 -0.039774 0.607742
9.445396 6.694699 0.206927 5.818052 -0.026052 0.789302 -0.032328 0.612599
9.646391 6.824073 0.195777 5.593010 -0.027933 0.782561 -0.041401 0.620568
9.847403 7.074089 0.216859 5.487509 -0.027844 0.779673 -0.044552 0.623979
10.048145 7.366884 0.267065 5.436570 -0.042486 0.775882 -0.022988 0.629026
10.249251 7.580095 0.304655 5.336374 -0.052009 0.771381 -0.009036 0.634180
10.383305 7.703537 0.277401 5.010444 -0.052228 0.760441 -0.009710 0.647231
10.584178 7.721786 0.028525 5.036176 -0.052228 0.760441 -0.009710 0.647231
10.718390 8.109588 0.093700 4.845163 -0.073339 0.765024 0.010920 0.639719
10.986203 8.186058 0.357933 4.768440 -0.072274 0.773957 0.005341 0.629077
11.186997 8.149129 0.173075 4.782919 -0.043515 0.780422 -0.026778 0.623162
11.321149 8.096950 -0.070333 4.846323 -0.013794 0.792372 -0.086616 0.603700
11.522098 8.172700 0.131244 4.770263 -0.037160 0.822665 -0.077822 0.561947
11.722974 8.094862 0.118606 4.597283 -0.069067 0.861316 -0.036153 0.502053
11.924015 8.041710 0.081120 4.432292 -0.077543 0.893746 -0.037459 0.440230
12.125078 7.973337 0.051168 4.305935 -0.057351 0.914400 -0.084638 0.391690
12.327320 7.981449 0.131180 4.276111 -0.029259 0.924783 -0.109085 0.363347
12.527743 8.035529 0.129994 4.263745 -0.027476 0.932297 -0.089868 0.349272
12.727924 8.058959 0.126383 4.250732 -0.030179 0.932544 -0.079622 0.350872
12.861762 8.084520 0.121573 4.229059 -0.033140 0.928729 -0.072846 0.362020
12.996417 8.217521 0.108034 4.100026 -0.028816 0.916221 -0.066932 0.393990
13.196830 7.996561 0.106735 4.105981 -0.036871 0.905769 -0.065482 0.417055
13.464600 8.122954 0.086766 3.977610 -0.042191 0.900475 -0.068035 0.427477
13.665685 8.285025 0.146731 4.186924 -0.033981 0.883358 -0.067671 0.462542
13.874745 8.535335 0.196573 4.089211 -0.030610 0.861284 -0.044323 0.505261
14.067633 8.480761 0.163228 3.766728 -0.041832 0.836872 -0.034827 0.544686
14.268652 8.777007 0.153894 3.726159 -0.065487 0.824063 -0.048885 0.560573
14.469581 9.046688 0.060726 3.742464 -0.066468 0.809722 -0.076490 0.577999
14.670445 9.243453 0.131258 3.657918 -0.025545 0.799936 -0.098289 0.591430
14.871611 9.101364 0.106239 3.522076 -0.017428 0.792073 -0.082673 0.604550
15.072441 9.088736 0.085885 3.416587 -0.026074 0.789999 -0.073633 0.608112
15.206568 9.164533 0.051545 3.326411 -0.037078 0.792976 -0.074145 0.603587
15.340478 9.397050 0.033829 3.282961 -0.044768 0.800325 -0.089478 0.591159
15.610489 9.364896 0.014691 3.190990 -0.043013 0.800383 -0.091793 0.590857
15.742209 9.333676 -0.006336 3.091691 -0.043013 0.800383 -0.091793 0.590857
15.876335 9.300258 -0.027606 2.988962 -0.043599 0.800305 -0.091064 0.591031
16.010338 9.477448 -0.047746 2.888267 -0.041037 0.806073 -0.090293 0.583446
16.211274 9.427435 -0.079402 2.734714 -0.040466 0.806000 -0.091061 0.583468
16.345238 9.705358 -0.081470 2.608079 -0.042495 0.815050 -0.091201 0.570588
16.546233 9.903417 -0.084937 2.485949 -0.045374 0.822355 -0.087650 0.560349
16.680260 10.125252 -0.131651 2.251232 -0.050308 0.835716 -0.083489 0.540443
16.881117 10.380543 -0.160247 2.045632 -0.051048 0.854464 -0.083109 0.510273
17.082167 10.736532 -0.145274 1.732485 -0.059733 0.883077 -0.083045 0.457942
17.350041 10.879869 -0.148431 1.586433 -0.066169 0.897039 -0.079219 0.429729
17.484121 11.158499 -0.198630 1.394953 -0.069835 0.915633 -0.074482 0.388833
17.685059 11.432292 -0.303645 1.035095 -0.053907 0.926943 -0.085351 0.361366
17.952831 11.547564 -0.324522 0.891098 -0.043461 0.928803 -0.089819 0.356887
18.086970 11.713994 -0.372546 0.648497 -0.033080 0.931346 -0.087751 0.351852
18.287980 11.575939 -0.397533 0.505458 -0.032474 0.931565 -0.088710 0.351089
18.421973 11.685092 -0.440636 0.349111 -0.034724 0.931973 -0.094286 0.348327
18.555747 11.954745 -0.444859 0.320934 -0.037074 0.932746 -0.105225 0.342839
18.756859 12.197335 -0.458135 0.035780 -0.032859 0.933277 -0.107190 0.341212
19.028794 12.444178 -0.486619 -0.291784 -0.036289 0.940153 -0.096710 0.324720
19.292798 12.525730 -0.518128 -0.469545 -0.040760 0.944622 -0.096255 0.311067
19.429897 12.804348 -0.596163 -0.885127 -0.041672 0.954083 -0.102976 0.278181
19.694585 12.492795 -0.597122 -1.092871 -0.037697 0.960375 -0.100776 0.257105
19.895695 12.613928 -0.609717 -1.282757 -0.038854 0.965362 -0.095766 0.239573
20.029728 12.774790 -0.676993 -1.792475 -0.043766 0.974151 -0.084789 0.204759
20.297590 12.906542 -0.700705 -2.031770 -0.044168 0.978346 -0.080378 0.185544
20.432022 12.969854 -0.793429 -2.610701 -0.043573 0.986503 -0.073486 0.139692
20.766355 12.988366 -0.889314 -3.135604 -0.037663 0.992079 -0.073275 0.094824
21.101626 13.027411 -1.008918 -3.493359 -0.032674 0.993391 -0.085820 0.068855
21.369270 13.074252 -1.075053 -3.964706 -0.023154 0.992831 -0.100957 0.059657
21.704487 12.875582 -1.084423 -3.962761 -0.023170 0.993405 -0.096176 0.057967
21.838308 12.901339 -1.117665 -4.158772 -0.025326 0.994278 -0.092804 0.046435
21.972408 12.906393 -1.146458 -4.336618 -0.029120 0.994703 -0.092636 0.033718
22.106318 12.875201 -1.197613 -4.540305 -0.031425 0.994865 -0.094109 0.019990
22.240321 12.801879 -1.241872 -4.833793 0.031086 -0.994832 0.096616 0.002834
22.441217 12.730377 -1.293079 -5.138642 0.028083 -0.994654 0.095424 0.027736
22.642198 12.740704 -1.325850 -5.365678 0.026013 -0.994360 0.092537 0.044821
22.776232 12.703176 -1.360157 -5.604970 0.024472 -0.993799 0.088419 0.062826
22.910110 12.635552 -1.388490 -5.807456 0.022948 -0.992987 0.082368 0.081647
23.043995 12.439528 -1.410783 -5.983768 0.022455 -0.991267 0.073153 0.107397
23.178096 12.304604 -1.468912 -6.316165 0.023505 -0.985141 0.063158 0.157973
23.379114 12.137405 -1.531924 -6.486255 0.024881 -0.978451 0.059334 0.196201
23.512988 12.022566 -1.585850 -6.641399 0.022672 -0.969901 0.063002 0.234113
23.646878 12.143928 -1.574531 -6.586679 0.020065 -0.965219 0.065746 0.252246
23.714015 11.974805 -1.532706 -6.669717 0.012665 -0.955827 0.067195 0.285865
23.848052 12.076348 -1.556383 -6.597018 0.009454 -0.951043 0.064276 0.302152
23.915026 11.966269 -1.579315 -6.746193 0.003386 -0.941063 0.053910 0.333891
24.048906 11.922730 -1.744716 -6.866685 -0.002901 -0.932170 0.046312 0.359036
24.182684 11.837848 -1.570205 -6.940299 -0.004351 -0.929518 0.073844 0.361280
24.317217 11.736693 -1.602785 -7.117470 -0.007703 -0.931034 0.088005 0.354079
24.450883 11.615702 -1.633517 -7.349345 -0.014943 -0.936993 0.094634 0.335955
24.651837 11.486256 -1.648414 -7.426007 -0.015369 -0.942500 0.093182 0.320584
24.785832 11.339929 -1.694880 -7.614655 -0.008657 -0.950294 0.093414 0.296883
24.986838 11.263939 -1.742921 -7.777091 -0.003880 -0.955554 0.096783 0.278449
25.120857 11.144123 -1.778857 -7.918997 -0.002116 -0.961422 0.098803 0.256711
25.254723 10.931996 -1.815260 -8.105184 -0.002859 -0.969841 0.097730 0.223269
25.455706 10.877278 -1.815840 -8.168400 -0.003730 -0.972243 0.094703 0.213920
25.522757 10.762561 -1.816991 -8.410827 -0.001531 -0.976931 0.069098 0.202063
25.723739 10.719133 -1.843004 -8.505109 0.000251 -0.977236 0.059558 0.203623
25.791086 10.603968 -1.939282 -8.561712 0.009214 -0.973578 0.054968 0.221450
25.924646 10.451034 -1.994383 -8.658608 0.018414 -0.964855 0.062771 0.254511
26.058953 10.613199 -1.994849 -8.763098 0.020029 -0.950024 0.066429 0.304369
26.196669 10.370600 -1.986465 -8.666404 0.007730 -0.920357 0.056417 0.386912
26.393539 10.227905 -2.032680 -8.633538 -0.004905 -0.894905 0.055429 0.442774
26.527949 10.185766 -2.204599 -8.637528 -0.016801 -0.863941 0.071126 0.498261
26.661660 10.118366 -2.219192 -8.669182 -0.015552 -0.848021 0.083500 0.523112
26.728563 9.974839 -2.292746 -8.437709 -0.000568 -0.812802 0.110081 0.572045
26.932020 9.947022 -2.187393 -8.528412 0.003810 -0.795827 0.116744 0.594151
27.063451 9.827950 -2.147819 -8.612722 -0.005169 -0.786469 0.108216 0.608054
27.197419 9.701919 -2.105340 -8.612643 -0.014005 -0.782790 0.096557 0.614590
27.331390 9.622986 -2.050578 -8.659492 -0.013792 -0.780519 0.094481 0.617797
27.465390 9.490063 -2.064276 -8.692174 -0.010546 -0.780044 0.096351 0.618172
27.599504 9.374642 -1.995879 -8.747221 -0.014579 -0.784494 0.100192 0.611816
27.733391 9.268793 -1.988386 -8.797113 -0.023782 -0.794147 0.097041 0.599457
27.867399 9.171812 -1.921068 -8.866238 -0.030841 -0.808879 0.097123 0.579077
28.001446 9.094655 -1.824341 -8.879490 -0.028113 -0.827050 0.100049 0.552439
28.135124 9.169168 -1.863668 -8.808665 -0.024586 -0.844141 0.106516 0.524857
28.269316 8.906952 -1.878907 -8.896239 -0.017457 -0.868577 0.116026 0.481464
28.470614 8.830971 -1.893692 -8.935228 -0.016374 -0.875002 0.117184 0.469437
28.537207 8.644683 -1.914551 -9.041456 -0.009897 -0.882280 0.117891 0.455615
28.671051 8.519351 -1.948591 -9.176843 -0.004227 -0.886323 0.112407 0.449197
28.805169 8.346559 -1.985178 -9.314595 -0.000888 -0.888764 0.107252 0.445640
28.939205 8.177870 -2.034630 -9.448533 0.000515 -0.889806 0.108751 0.443190
29.073450 8.018519 -2.075220 -9.538988 0.000672 -0.889780 0.112274 0.442363
29.207071 7.871306 -2.106154 -9.652644 0.000086 -0.887929 0.114487 0.445505
29.341092 7.662807 -2.134385 -9.759849 -0.001019 -0.883262 0.117572 0.453899
29.542113 7.533262 -2.147715 -9.814591 -0.000420 -0.877642 0.112236 0.465992
29.676075 7.408151 -2.163089 -9.849680 -0.002378 -0.868922 0.104751 0.483732
29.809855 7.148605 -2.190387 -9.928174 -0.005198 -0.845996 0.099670 0.523765
30.010970 6.960131 -2.198766 -9.941979 -0.006426 -0.826400 0.093023 0.555310
30.144992 7.020153 -2.210594 -9.614049 -0.012196 -0.788711 0.080380 0.609364
30.345856 6.878805 -2.224674 -9.601493 -0.016993 -0.774803 0.075809 0.627410
30.412754 6.536898 -2.212462 -9.711750 -0.033475 -0.722521 0.063294 0.687631
30.613886 6.321947 -2.205838 -9.682799 -0.042735 -0.678509 0.055308 0.731259
30.747892 6.091468 -2.292192 -9.618017 -0.050009 -0.627510 0.050588 0.775353
30.881779 5.898136 -2.334063 -9.771498 -0.054242 -0.566895 0.053130 0.820283
31.015925 5.591908 -2.429443 -9.750735 -0.055728 -0.475749 0.057887 0.875903
