0.000000 0.000000 0.000000 0.000000 0.000000 0.000000 0.000000 1.000000
0.334892 0.000000 0.000000 0.000000 0.000000 0.000000 0.000000 1.000000
0.535938 0.000000 0.000000 0.000000 0.000000 0.000000 0.000000 1.000000
0.803929 -0.807176 -0.691987 0.448837 -0.005027 -0.014390 0.005559 0.999868
1.138818 -1.317712 -0.209696 1.070541 -0.004000 -0.028601 0.007795 0.999552
1.406840 -1.544725 -0.200528 1.775720 -0.002969 -0.038228 0.007837 0.999234
1.607573 -1.544725 -0.200528 1.775720 -0.002969 -0.038228 0.007837 0.999234
2.411642 -1.544725 -0.200528 1.775720 -0.002969 -0.038228 0.007837 0.999234
2.746410 -1.544725 -0.200528 1.775720 -0.002969 -0.038228 0.007837 0.999234
3.081544 -1.544725 -0.200528 1.775720 -0.002969 -0.038228 0.007837 0.999234
3.416437 -0.899993 -0.123411 2.607964 -0.001976 -0.032359 0.007692 0.999445
3.684429 -0.899993 -0.123411 2.607964 -0.001976 -0.032359 0.007692 0.999445
4.086357 -0.899993 -0.123411 2.607964 -0.001976 -0.032359 0.007692 0.999445
4.354250 -0.821228 -0.056986 3.693588 -0.002003 -0.025706 0.007473 0.999640
4.622309 -0.912233 -2.029926 4.071950 -0.016592 -0.010710 0.009333 0.999761
5.091248 -0.870157 -2.138707 3.259237 -0.028732 0.004677 0.004493 0.999566
5.292238 -0.870157 -2.138707 3.259237 -0.028732 0.004677 0.004493 0.999566
5.627113 -0.870157 -2.138707 3.259237 -0.028732 0.004677 0.004493 0.999566
5.962099 -0.870157 -2.138707 3.259237 -0.028732 0.004677 0.004493 0.999566
6.296986 -0.870157 -2.138707 3.259237 -0.028732 0.004677 0.004493 0.999566
6.700073 0.932494 -2.098498 3.982930 -0.034539 0.231357 0.015732 0.972128
7.301746 1.379122 -2.064547 4.437761 -0.025966 0.314453 0.012060 0.948841
7.502790 1.379122 -2.064547 4.437761 -0.025966 0.314453 0.012060 0.948841
7.770723 1.941475 -2.009235 4.924786 -0.036423 0.382908 0.009671 0.923017
8.038739 2.464357 -1.986024 5.101638 -0.048213 0.422062 0.004199 0.905274
8.239591 2.816794 -1.931121 5.279234 -0.056054 0.445318 -0.001572 0.893615
8.373480 3.302239 -1.859627 5.541477 -0.061840 0.478074 -0.007765 0.876106
8.574586 3.609356 -1.891939 5.447158 -0.057241 0.491660 -0.008336 0.868864
8.708578 3.959090 -1.865974 5.540341 -0.045846 0.501810 -0.006122 0.863740
8.842466 3.842978 -1.888227 5.202351 -0.035480 0.506210 -0.000970 0.861680
8.976476 4.201696 -1.841704 5.254861 -0.030463 0.509244 0.004686 0.860070
9.110475 4.574612 -1.788513 5.621581 -0.029375 0.512896 0.009622 0.857894
9.311490 4.457250 -1.781475 5.915954 -0.033491 0.513472 0.012065 0.857368
9.445396 4.963663 -1.706511 6.112886 -0.047743 0.506787 0.015002 0.860617
9.646391 5.306496 -1.726784 5.661348 -0.046405 0.489949 0.007060 0.870487
9.847403 5.761892 -1.536464 5.992376 -0.045372 0.486692 0.003488 0.872388
10.048145 6.134984 -1.204705 6.421138 -0.067757 0.480359 0.016855 0.874288
10.249251 6.566684 -1.123746 6.701144 -0.081578 0.473843 0.026899 0.876410
10.383305 6.650891 -0.365255 6.716813 -0.065843 0.467702 0.016280 0.881280
10.584178 7.098137 -0.194422 6.982944 -0.060925 0.467860 0.012124 0.881617
10.718390 7.098137 -0.194422 6.982944 -0.060925 0.467860 0.012124 0.881617
10.986203 7.098137 -0.194422 6.982944 -0.060925 0.467860 0.012124 0.881617
11.186997 7.098137 -0.194422 6.982944 -0.060925 0.467860 0.012124 0.881617
11.321149 7.014699 -0.748909 6.969219 -0.017303 0.489089 -0.034477 0.871380
11.522098 7.014699 -0.748909 6.969219 -0.017303 0.489089 -0.034477 0.871380
11.722974 7.401552 -0.685010 7.105463 -0.067749 0.550703 -0.012008 0.831861
11.924015 7.401552 -0.685010 7.105463 -0.067749 0.550703 -0.012008 0.831861
12.125078 7.680522 -0.752491 6.962971 -0.030026 0.600892 -0.042456 0.797637
12.327320 7.813009 -0.667137 7.064149 -0.019490 0.629045 -0.044697 0.775838
12.527743 7.888231 -0.664892 7.159098 -0.028119 0.641934 -0.026964 0.765770
12.727924 7.941161 -0.657185 7.184116 -0.035251 0.641088 -0.019720 0.766403
12.861762 8.006975 -0.656544 7.217767 -0.040085 0.630916 -0.014474 0.774680
12.996417 8.389137 -0.634521 7.352126 -0.037389 0.605039 -0.005615 0.795298
13.196830 8.841116 -0.545069 7.495847 -0.042848 0.583259 -0.007511 0.811120
13.464600 9.211348 -0.531241 7.635001 -0.045717 0.573621 -0.011664 0.817761
13.665685 9.211348 -0.531241 7.635001 -0.045717 0.573621 -0.011664 0.817761
13.874745 9.748347 -0.387993 7.852216 -0.050759 0.533472 0.012967 0.844194
14.067633 10.291665 -0.368811 7.383461 -0.062199 0.500037 0.018626 0.863566
14.268652 10.291665 -0.368811 7.383461 -0.062199 0.500037 0.018626 0.863566
14.469581 10.291665 -0.368811 7.383461 -0.062199 0.500037 0.018626 0.863566
14.670445 10.291665 -0.368811 7.383461 -0.062199 0.500037 0.018626 0.863566
14.871611 10.291665 -0.368811 7.383461 -0.062199 0.500037 0.018626 0.863566
15.072441 10.462314 -0.306842 7.534544 -0.072462 0.503645 0.023746 0.860539
15.206568 10.672564 -0.232589 7.683076 -0.082405 0.509228 0.018149 0.856485
15.340478 11.121160 -0.148310 7.927833 -0.084750 0.520186 0.000130 0.849837
15.610489 11.225573 -0.163865 7.738471 -0.082179 0.519384 -0.001264 0.850580
15.742209 11.332883 -0.185323 7.534051 -0.082179 0.519384 -0.001264 0.850580
15.876335 11.441139 -0.207988 7.320603 -0.082991 0.519251 -0.000762 0.850582
16.010338 11.805022 -0.089177 7.551748 -0.081830 0.528886 0.000029 0.844739
16.211274 11.968505 -0.123661 7.233632 -0.081076 0.528754 -0.000434 0.844894
16.345238 12.355151 0.047302 7.749380 -0.084408 0.542310 -0.001806 0.835926
16.546233 12.813452 0.150557 7.942982 -0.089793 0.552719 -0.000314 0.828516
16.680260 12.301928 -0.029643 7.480885 -0.097956 0.573300 -0.000544 0.813469
16.881117 12.856150 0.183656 7.885213 -0.101578 0.602209 -0.002966 0.791844
17.082167 13.862802 0.427383 7.886560 -0.114765 0.646481 -0.011129 0.754167
17.350041 13.442024 0.344564 7.760940 -0.125091 0.668793 -0.012358 0.732745
17.484121 14.151346 0.432263 7.546221 -0.133721 0.698840 -0.013434 0.702539
17.685059 15.162347 0.466160 7.482434 -0.118513 0.722431 -0.020518 0.680902
17.952831 15.551846 0.557812 7.417851 -0.106956 0.726864 -0.021533 0.678060
18.086970 16.186747 0.695285 7.377340 -0.098386 0.732829 -0.016721 0.673054
18.287980 16.579991 0.728996 7.188641 -0.097378 0.735021 -0.017336 0.670791
18.421973 16.997755 0.803627 7.142814 -0.096743 0.736753 -0.023898 0.668779
18.555747 17.575464 0.865240 7.028869 -0.094624 0.737937 -0.035167 0.667277
18.756859 16.885323 0.726446 6.612332 -0.090729 0.740885 -0.034088 0.664602
19.028794 16.786763 0.506972 5.747452 -0.099926 0.750561 -0.025668 0.652698
19.292798 17.207142 0.556536 5.658507 -0.106043 0.759664 -0.028409 0.640982
19.429897 18.281030 0.662151 5.417423 -0.107277 0.780289 -0.038538 0.614943
19.694585 18.109097 0.467625 4.642108 -0.108844 0.788506 -0.037844 0.604134
19.895695 18.468177 0.482422 4.305279 -0.112955 0.798537 -0.035166 0.590206
20.029728 19.522086 0.674106 3.819352 -0.123754 0.818826 -0.031196 0.559674
20.297590 19.989314 0.694784 3.445581 -0.126868 0.828994 -0.029137 0.543897
20.432022 21.071828 0.768516 2.752255 -0.131931 0.853923 -0.028016 0.502619
20.766355 21.966046 0.793824 2.004757 -0.129085 0.876609 -0.031046 0.462525
21.101626 22.644297 0.728115 1.534323 -0.121014 0.889076 -0.044395 0.439237
21.369270 23.434783 0.791355 0.854889 -0.107510 0.893820 -0.055835 0.431751
21.704487 23.083581 0.705273 0.614356 -0.109035 0.894977 -0.051764 0.429474
21.838308 22.960245 0.586352 0.211560 -0.113874 0.897011 -0.050157 0.424133
21.972408 23.260513 0.606775 -0.041990 -0.118059 0.901612 -0.053060 0.412727
22.106318 23.542475 0.607326 -0.409967 -0.119683 0.906733 -0.057262 0.400289
22.240321 23.949494 0.595573 -0.938943 -0.119720 0.915738 -0.062342 0.378425
22.441217 24.315101 0.582094 -1.527232 -0.118944 0.925160 -0.063447 0.354832
22.642198 24.665251 0.592416 -1.885921 -0.119128 0.931319 -0.062155 0.338513
22.776232 24.534388 0.482372 -2.391966 -0.121065 0.936446 -0.060009 0.323745
22.910110 24.206936 0.486811 -2.729388 -0.122927 0.941688 -0.057018 0.307997
23.043995 23.843161 0.453704 -3.176978 -0.126390 0.948909 -0.051865 0.284441
23.178096 23.688897 0.186791 -3.908147 -0.133814 0.960863 -0.049250 0.237511
23.379114 24.164157 0.196035 -4.161480 -0.135911 0.970133 -0.052201 0.194024
23.512988 24.335775 0.170152 -4.563183 -0.131558 0.977114 -0.061317 0.155503
23.646878 24.335775 0.170152 -4.563183 -0.131558 0.977114 -0.061317 0.155503
23.714015 24.038966 0.166524 -4.264072 -0.127245 0.982490 -0.063712 0.120258
23.848052 24.038966 0.166524 -4.264072 -0.127245 0.982490 -0.063712 0.120258
23.915026 24.038966 0.166524 -4.264072 -0.127245 0.982490 -0.063712 0.120258
24.048906 23.942657 0.504129 -4.556349 -0.122095 0.984947 -0.073670 0.097701
24.182684 23.864364 0.815812 -4.875878 -0.107663 0.984975 -0.093033 0.097871
24.317217 23.864364 0.815812 -4.875878 -0.107663 0.984975 -0.093033 0.097871
24.450883 23.617828 1.101234 -5.309904 -0.094546 0.983465 -0.094717 0.122009
24.651837 23.668723 1.073058 -5.634829 -0.094496 0.981807 -0.090933 0.137316
24.785832 23.697567 1.085913 -5.104697 -0.100811 0.977069 -0.091124 0.163921
24.986838 23.747375 0.986875 -5.494616 -0.103960 0.972978 -0.093272 0.183864
25.120857 23.874090 0.929872 -5.883585 -0.105855 0.968571 -0.092550 0.205183
25.254723 23.543544 0.756092 -6.380224 -0.105621 0.961501 -0.085355 0.238902
25.455706 23.629779 0.746916 -6.540873 -0.106596 0.959763 -0.080981 0.246849
25.522757 23.637238 0.169475 -6.638033 -0.125410 0.957279 -0.050810 0.255552
25.723739 23.637238 0.169475 -6.638033 -0.125410 0.957279 -0.050810 0.255552
25.791086 23.569332 -0.153634 -6.521041 -0.139272 0.960305 -0.051906 0.236060
25.924646 23.695544 0.092375 -6.213972 -0.143586 0.966065 -0.068387 0.203532
26.058953 23.695544 0.092375 -6.213972 -0.143586 0.966065 -0.068387 0.203532
26.196669 23.268166 -0.046260 -6.565573 -0.136643 0.981308 -0.067917 0.117264
26.393539 23.470598 -0.097729 -6.827831 -0.120460 0.988865 -0.072774 0.048364
26.527949 23.448332 0.211353 -7.058965 -0.102227 0.987529 -0.118897 -0.014137
26.661660 23.496862 0.157754 -7.208036 -0.094924 0.985481 -0.134601 -0.041224
26.728563 23.496862 0.157754 -7.208036 -0.094924 0.985481 -0.134601 -0.041224
26.932020 23.496862 0.157754 -7.208036 -0.094924 0.985481 -0.134601 -0.041224
27.063451 23.496862 0.157754 -7.208036 -0.094924 0.985481 -0.134601 -0.041224
27.197419 23.496862 0.157754 -7.208036 -0.094924 0.985481 -0.134601 -0.041224
27.331390 23.473779 0.263595 -7.414745 -0.095590 0.985461 -0.133152 -0.044727
27.465390 23.473779 0.263595 -7.414745 -0.095590 0.985461 -0.133152 -0.044727
27.599504 23.473779 0.263595 -7.414745 -0.095590 0.985461 -0.133152 -0.044727
27.733391 23.508139 0.336555 -7.657739 -0.090282 0.987577 -0.124853 -0.030869
27.867399 23.614851 0.066016 -7.589573 -0.083839 0.990871 -0.105318 -0.007336
28.001446 23.614851 0.066016 -7.589573 -0.083839 0.990871 -0.105318 -0.007336
28.135124 23.614851 0.066016 -7.589573 -0.083839 0.990871 -0.105318 -0.007336
28.269316 23.614851 0.066016 -7.589573 -0.083839 0.990871 -0.105318 -0.007336
28.470614 23.614851 0.066016 -7.589573 -0.083839 0.990871 -0.105318 -0.007336
28.537207 23.614851 0.066016 -7.589573 -0.083839 0.990871 -0.105318 -0.007336
28.671051 23.614851 0.066016 -7.589573 -0.083839 0.990871 -0.105318 -0.007336
28.805169 23.721569 0.205115 -8.046145 -0.090046 0.990640 -0.102466 -0.004966
28.939205 23.708078 0.267745 -8.524414 -0.091720 0.990234 -0.104973 -0.002136
29.073450 23.841588 0.208663 -8.907306 -0.090607 0.990032 -0.107795 -0.002692
29.207071 23.670508 -0.108794 -9.105849 -0.089839 0.990149 -0.107309 -0.004376
29.341092 23.689409 -0.206426 -9.611768 -0.088502 0.989790 -0.110538 -0.016291
29.542113 23.674800 -0.033791 -9.866963 -0.094964 0.988732 -0.110918 -0.032980
29.676075 23.650797 -0.137815 -10.131964 -0.096872 0.988144 -0.105740 -0.054828
29.809855 23.471564 -0.699185 -10.049352 -0.098325 0.984945 -0.100299 -0.100779
30.010970 23.517864 -0.501811 -10.409209 -0.100916 0.980008 -0.099383 -0.139724
30.144992 23.578922 -0.431531 -9.686810 -0.099745 0.969194 -0.094913 -0.204222
30.345856 23.444798 -0.562842 -9.935239 -0.097087 0.964630 -0.092290 -0.227038
30.412754 23.055780 -0.924729 -10.512895 -0.083909 0.944801 -0.085481 -0.304966
30.613886 22.783494 -1.273465 -10.682383 -0.075781 0.924694 -0.081895 -0.363995
30.747892 22.277341 -1.425317 -10.510447 -0.069729 0.900742 -0.083121 -0.420586
30.881779 22.300202 -1.639620 -11.012852 -0.059451 0.865755 -0.091734 -0.488383
31.015925 22.300202 -1.639620 -11.012852 -0.059451 0.865755 -0.091734 -0.488383